0 0
0.641243 0.406642
1 1
0.696694 0.485033
0.0742958 0.0489994
1 1
0.593643 0.344157
0.333332 0.333332
0.416825 0.405733
0.386611 0.352575
0.292379 0.168402
0.786087 0.621586
0.0445377 0.0298684
0.606224 0.396187
0.0744298 0.0556657
0.353966 0.176923
0.333333 0.333333
0.270702 0.0545135
0.734897 0.524576
0.457661 0.367022
0.493095 0.439661
1 1
0.354582 0.190397
0.491803 0.396084
0.0759078 0.0317604
0.618147 0.343422
0.298618 0.298618
0.477776 0.251668
0.92632 0.443282
0.421976 0.310875
0.805806 0.471275
0.495078 0.373051
0.173872 0.0828997
0.554871 0.422648
0.0129723 0.0113759
0.398968 0.253128
0.667889 0.533188
0.0223166 0.0164795
0.808893 0.44241
0.767157 0.566988
0.552857 0.408019
0.333333 0.333333
0.859581 0.539173
0.668078 0.481947
0.588716 0.425433
0.539371 0.457139
0.40401 0.303634
0.603899 0.471794
0.497333 0.414839
0.737287 0.239596
0.576586 0.200072
0.569684 0.492942
0.531135 0.386121
0.042935 0.0186566
0.513061 0.283477
0.640796 0.492601
0.66215 0.217041
0.806859 0.373388
0.322622 0.189333
0.779054 0.629514
0.544111 0.349354
0.870312 0.600629
0.57073 0.340457
0.357795 0.298524
0.472602 0.41959
0.166846 0.113719
0.623453 0.492048
0.14241 0.0499151
0.0702651 0.065754
0.530258 0.348141
0.57748 0.330577
0.716579 0.464875
0.609964 0.466272
0.878309 0.29277
0.431024 0.282414
0.536488 0.45771
0.253446 0.253445
0.552779 0.262683
0.0284248 0.0239523
0.682579 0.489547
0.387987 0.143392
0.55749 0.451402
0.0828335 0.0563823
0.666336 0.534624
0.335843 0.316956
0.576846 0.306329
0.11761 0.11761
0.601558 0.337328
0.423394 0.377621
0.498165 0.422522
0.629468 0.629466
1 1
1 1
0.7759 0.645512
0.0598412 0.0286564
0.529004 0.480951
0.747848 0.708105
0.395089 0.282195
0.958658 0.167961
0.839649 0.587963
0.29277 0.29277
0.333333 0.333333
0.469094 0.373762
0.427633 0.28141
0.0614537 0.0281678
0.453161 0.238532
0.0202315 0.0142223
0.515904 0.381979
0.893077 0.387693
0.549347 0.474887
0.525527 0.4572
0.0615338 0.0356197
0.695418 0.49693
0.778406 0.367725
0.772422 0.439633
0.820697 0.593964
0.654799 0.478525
0.684698 0.431476
0.792404 0.264135
0.562692 0.352494
0.525939 0.39743
0.587555 0.346207
0.754917 0.332809
0.738499 0.738499
1 1
0.657579 0.444573
0.51232 0.401763
0.721324 0.526601
0.792819 0.486746
0.0343537 0.0199893
0.648661 0.592842
0.0439652 0.0300597
0.438051 0.413419
0.547124 0.344808
1 1
0.434013 0.352389
0.535884 0.462775
0.65202 0.346675
0.287351 0.175631
0.561985 0.463138
0.543538 0.417211
0.333333 0.333333
0.747863 0.508486
0.54877 0.42432
0.119917 0.0904831
0.836405 0.762272
0.0785734 0.0539474
0.833974 0.423155
0.406196 0.311553
0.824401 0.573705
0.333333 0.333333
0.239082 0.132917
0.717274 0.437948
0.0915695 0.0818732
0.614933 0.476196
0.263678 0.12116
0.534393 0.467546
0.333334 0.333334
0.625577 0.465416
0.588718 0.40056
0.594089 0.534367
0.485336 0.321555
0.791008 0.592248
0.576746 0.358884
0.638472 0.395624
0.104275 0.0694698
0.599853 0.343874
0.494453 0.343185
0.410289 0.257455
0.776622 0.515115
0.333333 0.333333
0.496004 0.448936
0.672033 0.513517
0.766261 0.567905
0.61493 0.269444
0.414183 0.287987
0.736888 0.512695
0.475941 0.336268
0.333333 0.333333
0.404417 0.267155
0.642085 0.418855
0.0288935 0.0124778
0.538569 0.446449
0.608062 0.368848
0.690978 0.539594
0.532336 0.368024
0.813676 0.522773
0.482293 0.30062
0.666572 0.506989
0.778534 0.0299537
0.200614 0.0929763
0.14223 0.0569882
0.164158 0.0754137
0.591592 0.490481
0.571975 0.434512
0.388326 0.239111
0.586491 0.418067
0.450533 0.258519
0.439138 0.404421
0.387816 0.282635
0.457853 0.355319
0.416405 0.236242
0.772347 0.637211
0.537657 0.275654
0.834935 0.53967
0.596095 0.575464
0.51366 0.488011
0.581319 0.360258
0.58708 0.402309
0.5457 0.39489
0.726925 0.476607
0.5332 0.344893
0.499251 0.317015
1 1
0.611166 0.395978
0.740654 0.437824
0.382512 0.303091
0.25604 0.147211
0.42815 0.343414
0.31179 0.176259
0.564431 0.278973
0.583036 0.460749
0.646571 0.470556
0.6362 0.362016
0.219339 0.193709
0.885725 0.469413
1 0.39736
0.0357668 0.0100353
0.629403 0.488075
0.457652 0.30494
0.333333 0.333333
0.443592 0.304159
0.536908 0.383447
0.830354 0.66646
0.0613319 0.0388587
0.514764 0.462137
0.426951 0.0299138
0.730933 0.468171
0.450533 0.258519
0.872706 0.563542
0.396404 0.238033
0.584464 0.474854
0.459693 0.298633
0.745356 0.333333
0.699724 0.699724
0.575803 0.411752
0.591909 0.44123
0.124941 0.107768
0.333333 0.333333
0.29277 0.29277
0.68037 0.621442
0.767435 0.466351
0.0244565 0.0095484
0.0815772 0.0630748
0.653057 0.435333
0.158519 0.0669291
0.625694 0.410291
0.507919 0.386118
0.573486 0.432387
0.637736 0.503101
0.4982 0.36402
0.564853 0.354498
1 1
0.469936 0.298176
0.554925 0.35102
0.450518 0.352708
0.761025 0.578573
0.471971 0.356243
0.861784 0.487737
0.59793 0.411713
0.29277 0.29277
0.511527 0.442809
0.667044 0.625905
0.553649 0.346659
0.950148 0.830799
0.526229 0.423444
0.54349 0.323294
0.611829 0.0750563
0.553352 0.475425
0.489029 0.276218
0.812945 0.53846
0.480414 0.414849
0.0317825 0.0245722
0.0437664 0.0194142
0.559441 0.324188
0.0961833 0.0361974
0.64763 0.572718
0.468451 0.307351
0.190117 0.190117
0.333336 0.333336
0.584958 0.414378
0.0856612 0.0664329
0.0363314 0.0249975
0.532478 0.355841
0.618273 0.516414
1 0.39736
0.809954 0.604659
0.462317 0.117555
0.501574 0.289741
0.39747 0.30502
0.425104 0.298376
0.680455 0.540677
0.0941964 0.0598865
0.630323 0.468107
0.645442 0.438931
0.603648 0.541952
0.645357 0.345037
1 1
0.674603 0.624514
0.455346 0.350751
0.281851 0.136611
0.716214 0.587402
0.708042 0.405623
0.545358 0.48937
0.2 0.2
0.0300389 0.0206012
0.615338 0.260693
0.079186 0.0425569
0.721632 0.381878
0.537832 0.254302
0.442696 0.187552
0.501136 0.352523
0.19663 0.175763
0.340621 0.166206
0.0531342 0.0250186
0.590274 0.315308
0.776845 0.491357
0.500957 0.182509
0.76934 0.57284
0.542371 0.362018
0.539351 0.35892
0.333333 0.333333
0.488058 0.143438
0.0530911 0.0314734
0.409162 0.333966
0.681835 0.411209
0.334229 0.304064
0.753802 0.49452
0.479794 0.263882
0.564756 0.486046
0.643733 0.365042
0.523288 0.45753
0.185605 0.119037
0.382758 0.302076
0.0903343 0.0679717
0.569138 0.518679
0.564068 0.36687
0.625321 0.452404
0.560432 0.426522
0.447258 0.370743
0.614521 0.445712
0.743111 0.448388
0.401646 0.331775
0.453501 0.318081
0.49702 0.311735
0.330987 0.18956
0.735041 0.512739
0.738089 0.303688
0.799397 0.413508
0.483519 0.395538
0.972204 0.63445
0.598684 0.372888
0.524423 0.367154
0.585758 0.436394
0.443816 0.286612
0.896099 0.835125
0.80498 0.446045
0.531909 0.416911
0.522861 0.35307
0.275396 0.20847
0.168149 0.106134
0.0936149 0.06845
0.892189 0.436063
0.517788 0.374546
0.2 0.2
0.0785282 0.0492095
0.538534 0.341266
0.528213 0.347361
0.604716 0.551086
0.050689 0.0285726
0.879585 0.565179
0.45489 0.323412
0.403163 0.224516
0.533271 0.340217
0.367912 0.306592
0.151907 0.0632058
0.569486 0.506611
0.469508 0.336317
0.753371 0.753366
0.461457 0.152055
0.605932 0.514899
0.186602 0.0851957
0.646625 0.370553
0.223913 0.129569
0.190117 0.190117
1 1
0.398059 0.338187
0.125093 0.07291
0.412782 0.32809
0.438141 0.31593
0.65315 0.573812
0.565122 0.368315
0.545982 0.406702
0.221653 0.104454
1 1
0.29277 0.29277
0.416232 0.320097
0.0755424 0.0540623
0.369147 0.307088
0.6552 0.505578
0.425364 0.332191
0.159755 0.0576531
0.632106 0.475184
0.537373 0.328004
1 1
0.626228 0.418468
0.456568 0.354009
0.626698 0.479807
0.39767 0.277244
0.0900515 0.0478152
0.440796 0.209574
0.29277 0.29277
0.703556 0.517107
0.41857 0.315256
0.637089 0.484195
0.666167 0.435912
0.751657 0.45656
0.719091 0.603885
0.470009 0.445027
0.759602 0.333267
0.145337 0.0680033
0.529531 0.398846
0.420727 0.32615
0.654872 0.522012
0.713447 0.675724
0.662939 0.662939
0.510739 0.33988
0.87626 0.390296
0.0946965 0.0633527
0.551528 0.304719
0.670004 0.445137
0.485621 0.320809
0.732042 0.607346
0.213023 0.118229
0.522306 0.358349
0.395258 0.311134
0.71843 0.556898
0.503991 0.375099
0.76696 0.343031
0.142857 0.142857
0.741239 0.602653
0.102925 0.0699801
0.819268 0.453699
0.672325 0.540022
0.247698 0.133659
0.605371 0.41468
0.659441 0.0694548
0.555717 0.075259
0.0762072 0.0461401
0.674939 0.536235
0.743155 0.644344
0.336527 0.153737
0.689452 0.582967
0.396349 0.338066
0.633073 0.48855
0.0815055 0.0442046
0.588887 0.332255
0.520952 0.470654
0.450553 0.346894
0.572077 0.32641
0.464567 0.369573
0.543916 0.347939
0.760062 0.566725
0.435675 0.256301
0.415187 0.357557
0.355244 0.234824
0.653251 0.442806
0.627781 0.313192
0.838871 0.638285
0.466924 0.0446019
0.608272 0.433482
0.449927 0.386584
0.682484 0.398733
0.333332 0.333332
0.587975 0.225949
0.0342025 0.0293316
0.856085 0.492746
0.541202 0.302275
0.757069 0.496021
0.48958 0.390564
0.382869 0.382869
1 1
0.0470075 0.0297013
0.375978 0.272646
0.447133 0.366079
0.282036 0.117314
0.622815 0.483154
0.507158 0.355029
0.509322 0.371135
0.515486 0.0859858
0.352717 0.319637
0.554065 0.456258
0.687386 0.47157
0.538739 0.275835
0.843779 0.590523
0.645442 0.438931
0.492464 0.325774
0.629139 0.521549
0.359899 0.307566
0.410927 0.375655
0.7116 0.592764
0.0241175 0.0191133
0.0345921 0.0181468
0.720945 0.449863
0.536699 0.476701
0.639995 0.488446
0.137291 0.0590853
0.52476 0.418977
1 1
0.827202 0.651749
0.650483 0.243337
0.461032 0.461032
0.620175 0.277351
0.744819 0.499259
0.779028 0.337723
0.818986 0.446764
0.368912 0.26585
0.844847 0.483177
0.589672 0.365182
0.789527 0.399341
0.785051 0.622468
1 1
0.38502 0.28946
0.801426 0.548067
0.451279 0.402817
0.470877 0.378711
0.653466 0.399905
0.0506623 0.0218463
0.0828422 0.0340502
0.600689 0.391899
0.599017 0.418631
0.615747 0.365936
0.64485 0.424126
1 1
0.628554 0.482101
0.0356704 0.022789
0.120444 0.0720673
0.467766 0.317405
0.527715 0.448502
0.778383 0.460173
0.0204333 0.014726
0.208894 0.208894
0.659347 0.448847
1 1
0.612457 0.497704
0.774702 0.31743
0.792272 0.581406
0.600976 0.421433
0.833229 0.486083
0.065272 0.051206
0.409653 0.269151
0.82151 0.715305
0.460493 0.370051
0.794648 0.536671
1 1
0.595828 0.38669
0.135226 0.113891
0.704794 0.464162
0.602305 0.377819
0.491383 0.414341
0.50678 0.396627
1 1
0.857355 0.583382
0.555267 0.393437
0.688218 0.502137
0.675644 0.445686
0.490351 0.346139
0.534492 0.352163
0.563102 0.21845
0.745356 0.333333
0.653178 0.60263
0.581654 0.360001
0.29277 0.29277
0.0945647 0.0700865
0.632165 0.477218
0.574458 0.401125
0.474933 0.474933
0.656138 0.35001
0.530955 0.316074
0.518925 0.392518
0.472232 0.383269
0.628169 0.470768
0.573257 0.515063
0.619888 0.207268
0.486264 0.339317
0.460337 0.315749
0.450089 0.3987
0.491207 0.358269
0.698184 0.470549
0.674852 0.409714
0.431534 0.323425
0.459935 0.146219
0.616748 0.480947
0.57084 0.426584
0.468795 0.273919
0.313275 0.112479
0.289943 0.214552
0.158256 0.118852
0.0427496 0.0295979
0.707044 0.508892
0.819003 0.629207
0.65492 0.451834
0.567725 0.366995
0.836583 0.64628
0.605802 0.520955
0.673979 0.188663
0.632531 0.382122
0.648098 0.406418
0.570396 0.525002
0.403446 0.246484
0.620428 0.472023
0.444927 0.41481
0.641689 0.420085
1 1
0.50012 0.289928
0.0745665 0.0460066
0.821796 0.506203
0.51047 0.349002
0.4072 0.306694
0.286421 0.178394
0.603849 0.367345
1 1
0.634471 0.415394
0.574823 0.367409
0.745356 0.333333
0.59169 0.379463
0.694434 0.625048
0.538417 0.383633
1 1
0.526264 0.420635
0.0457977 0.030699
0.0284909 0.00805139
0.494598 0.33311
0.311569 0.24358
0.597676 0.477471
0.37261 0.240447
0.590434 0.410741
0.644061 0.486709
0.832139 0.534147
0.587014 0.117269
0.87831 0.29277
0.499036 0.306584
0.609238 0.377784
0.0769025 0.0515062
0.547729 0.467079
0.656584 0.281968
0.161791 0.0702026
0.29277 0.29277
0.916031 0.426139
0.55449 0.45586
0.557772 0.431209
0.514218 0.25597
0.104758 0.0478785
0.575731 0.470333
0.707094 0.370569
0.045854 0.0319615
0.784287 0.585713
0.572471 0.493458
0.943771 0.498313
0.593784 0.356263
1 1
0.46567 0.358504
0.858138 0.639033
0.572193 0.329328
0.54713 0.270121
0.15929 0.0692094
0.598347 0.378955
1 1
0.740055 0.588893
0.333333 0.333333
0.382137 0.329786
0.422201 0.309968
0.410438 0.343983
0.0691278 0.0533378
0.29277 0.29277
1 1
0.617159 0.570985
0.81628 0.55506
0.492515 0.353752
0.716974 0.488303
0.543289 0.292013
0.682399 0.514956
0.604459 0.427672
0.812602 0.452006
0.698311 0.386495
0.494901 0.303628
1 1
0.535743 0.223805
0.612489 0.466896
0.432026 0.334438
0.508413 0.386728
0.754609 0.547317
0.511573 0.324739
0.311881 0.115678
1 1
0.502962 0.39456
0.487537 0.267035
0.330879 0.249945
0.490836 0.332157
0.718784 0.645403
0.656584 0.474885
0.389974 0.343485
0.690057 0.690057
0.333286 0.260138
0.0382959 0.030957
0.333332 0.333332
0.580748 0.482468
0.0249587 0.0189201
0.419873 0.407499
0.477593 0.261204
0.467694 0.328778
0.70965 0.413294
0.469232 0.454622
0.483536 0.249748
0.441208 0.305098
0.404358 0.116743
0.0288073 0.0174784
0.72699 0.556837
0.609174 0.29483
0.440177 0.365648
0.625579 0.442036
0.550521 0.354097
0.610604 0.471902
0.75616 0.469787
0.523001 0.193538
0.616328 0.0731591
0.0281342 0.0248525
0.509318 0.34092
0.782233 0.423718
0.514475 0.358521
1 1
0.0410644 0.0236647
0.57953 0.515695
0.469252 0.341959
0.474551 0.397459
0.999997 0.999994
0.688474 0.603587
0.0682062 0.0484003
0.607004 0.572174
0.446835 0.446835
0.607703 0.439392
0.0735541 0.031209
0.242536 0.242536
0.0895966 0.0639785
0.874421 0.509795
0.173176 0.11366
0.698936 0.423459
0.0966311 0.0428697
0.369609 0.284875
0.559317 0.267905
0.508053 0.355607
0.0963353 0.07887
0.441094 0.281035
0.826281 0.49789
0.0452153 0.0299512
0.620171 0.277349
0.572296 0.356768
0.775569 0.610435
0.307991 0.158066
0.403577 0.356115
0.486612 0.264255
0.830034 0.696595
0.638719 0.507995
0.575433 0.332263
0.736377 0.340559
0.637608 0.427001
0.627041 0.395645
0.61153 0.375922
0.820834 0.685851
0.87831 0.29277
0.873543 0.641877
0.736825 0.350509
0.840878 0.588766
0.648535 0.44348
0.333332 0.333332
0.667951 0.552885
0.608758 0.368322
0.0726715 0.029903
0.621705 0.479008
0.642807 0.486317
0.605947 0.499671
0.463603 0.248163
0.497577 0.438848
0.851141 0.521374
0.337638 0.260212
0.619888 0.207268
0.423974 0.342232
0.12329 0.0631101
0.704513 0.508871
0.477592 0.261204
0.482348 0.33163
0.2 0.2
0.716311 0.458967
0.599132 0.396386
0.563761 0.419324
0.47759 0.261204
0.788488 0.467699
0.477592 0.261204
0.806979 0.600003
0.683454 0.60006
0.541004 0.49016
0.438076 0.22869
0.333333 0.333333
0.148293 0.0828244
0.29277 0.29277
0.512118 0.343457
0.0258968 0.0191053
0.735597 0.56861
0.177153 0.149947
0.595439 0.0385542
0.556813 0.448457
0.408111 0.340169
0.362664 0.27664
0.286668 0.0534332
0.605946 0.499671
0.421404 0.322341
0.55789 0.348177
0.439198 0.347513
0.965692 0.493647
0.625721 0.378861
0.692715 0.540012
0.723332 0.498914
0.654821 0.352911
1 1
0.109853 0.0820853
0.627424 0.383089
1 1
0.623758 0.515788
0.756918 0.677022
0.0838534 0.0611466
0.597996 0.306753
0.656585 0.281968
0.440036 0.278005
0.448706 0.334623
0.458588 0.352896
0.607562 0.476338
0.0343866 0.026757
0.539588 0.388521
0.460415 0.314608
0.444265 0.41349
0.42712 0.307388
0.795946 0.795946
0.393374 0.260759
0.656407 0.538768
0.0540496 0.018058
0.519337 0.451178
0.209952 0.105489
0.535837 0.317086
0.608685 0.388124
0.404148 0.368199
1 1
0.677486 0.467953
0.639412 0.548834
0.497246 0.341243
0.710272 0.626511
0.663207 0.463773
0.0526348 0.0152938
0.6936 0.58168
0.545632 0.48657
0.103789 0.0413757
0.585882 0.369168
0.804915 0.629343
0.707033 0.573216
0.669277 0.513064
0.744954 0.398734
0.103923 0.0496539
0.0568134 0.0453351
0.432665 0.284773
0.437103 0.302985
0.832749 0.0521487
0.567444 0.397827
0.620174 0.27735
0.795511 0.574464
0.676768 0.564617
1 1
0.806899 0.705682
0.0508749 0.042651
0.333333 0.333333
0.893237 0.648305
0.055717 0.0234632
0.630455 0.453739
0.665098 0.408138
0.0763481 0.0414688
0.29277 0.29277
0.591827 0.402049
0.509395 0.355331
0.564194 0.332159
0.559722 0.355192
0.533392 0.365207
0.684699 0.431477
0.581458 0.443897
0.29277 0.29277
0.478994 0.387868
0.430862 0.374879
0.438322 0.354587
0.593108 0.514717
0.986565 0.193214
0.324756 0.192936
1 1
0.695671 0.560838
0.781291 0.518036
0.634455 0.532307
0.607007 0.41406
0.4874 0.4874
0.554438 0.407325
0.55767 0.47131
0.621911 0.452288
0.543944 0.293586
0.356746 0.312819
0.582383 0.424615
0.646825 0.459072
0.29277 0.29277
0.522258 0.331747
0.84829 0.65149
0.522392 0.450593
0.700026 0.519097
0.042756 0.0325742
0.557227 0.196327
0.505129 0.300437
0.34421 0.320359
0.505783 0.50578
0.628413 0.474857
0.818879 0.582391
0.645083 0.331959
0.631973 0.592003
0.0981276 0.0388928
0.558118 0.485946
0.736789 0.29277
0.330399 0.269187
0.728935 0.38005
0.500761 0.439636
0.29277 0.29277
0.559326 0.363034
0.392708 0.357766
0.333332 0.333332
0.59412 0.350083
0.450533 0.258519
0.34062 0.166206
0.584091 0.355916
0.56082 0.335205
0.493699 0.386066
0.496563 0.439659
0.467021 0.371867
0.63108 0.426799
0.333609 0.139392
0.0129572 0.0051114
0.384276 0.176086
0.838605 0.458294
0.883845 0.628464
0.606746 0.501879
0.923482 0.546713
0.442999 0.338881
0.450249 0.265724
0.598745 0.458229
0.604602 0.485633
0.499527 0.453253
0.333332 0.333332
0.766726 0.64281
0.492028 0.301867
0.489783 0.213082
0.0811613 0.0436247
0.517513 0.358231
0.394326 0.237152
0.923684 0.705218
0.456295 0.456295
0.477591 0.261204
0.333333 0.333333
0.349713 0.288012
0.0636035 0.0428102
0.717311 0.441168
0.58611 0.449931
0.794347 0.499413
0.553503 0.534741
0.448851 0.255163
0.761929 0.491863
0.60755 0.392462
1 1
0.636059 0.276891
0.77801 0.450845
0.333333 0.333333
0.588569 0.445764
0.677644 0.558409
0.835534 0.739711
0.762823 0.0614874
0.726705 0.466764
0.521109 0.381839
0.736788 0.56061
0.741759 0.44528
0.775226 0.571886
0.351187 0.234224
0.792406 0.264135
0.415102 0.415102
0.443882 0.204345
0.652385 0.46528
0.472599 0.460823
0.438198 0.438198
0.466637 0.294689
0.773213 0.373408
0.657144 0.438241
1 1
0.684173 0.553375
0.582696 0.399462
0.503384 0.358065
0.183 0.0567655
1 1
1 1
0.394993 0.251334
0.629336 0.525003
0.690543 0.560489
0.828568 0.373766
1 1
0.47729 0.334704
0.601449 0.412533
0.656586 0.281968
0.620635 0.325574
0.154699 0.0874523
0.190118 0.190118
0.5857 0.457519
0.338302 0.230037
0.431787 0.431786
0.729323 0.520288
0.717619 0.608268
0.53241 0.390001
0.131495 0.082965
0.363174 0.235868
0.466896 0.198682
0.363708 0.308315
0.559023 0.4218
0.72776 0.365292
0.737715 0.590641
0.328087 0.328087
0.651254 0.528895
0.56343 0.459762
0.785469 0.532983
0.333333 0.333333
0.660785 0.424607
0.606119 0.480422
0.584417 0.366743
0.891464 0.340898
0.663818 0.42792
0.896414 0.651993
0.536607 0.428813
0.600683 0.331379
0.643989 0.435817
0.29277 0.29277
0.59478 0.49637
0.571181 0.44687
1 1
0.5631 0.21845
0.668972 0.424852
0.574354 0.361984
0.333333 0.333333
1 1
0.576367 0.37659
0.341084 0.27506
1 1
0.329056 0.264596
0.510372 0.497174
0.660752 0.436962
0.353148 0.249312
0.781156 0.451144
0.0203104 0.0189535
0.75098 0.598678
0.64348 0.416113
0.480741 0.267143
0.642442 0.259693
0.623072 0.370859
0.663151 0.436999
0.527263 0.383282
0.578935 0.0338141
0.727161 0.458483
0.695985 0.22459
0.677431 0.097965
0.340947 0.292401
0.333333 0.333333
0.619051 0.486622
0.860839 0.594584
0.686429 0.489954
0.656585 0.281968
0.333333 0.333333
0.94726 0.509088
1 1
0.561737 0.397353
0.73387 0.51625
0.704085 0.58818
0.796164 0.726174
0.58947 0.443159
0.37059 0.197774
0.572345 0.331046
1 1
0.388353 0.356711
0.357956 0.284396
0.757545 0.493264
0.345359 0.0115579
0.63586 0.203233
0.752517 0.604465
0.640883 0.462001
0.419639 0.29492
0.3974 0.282287
0.5631 0.21845
0.689483 0.348231
1 1
1 1
0.53702 0.222606
0.600752 0.42454
0.883648 0.404948
0.622636 0.498353
1 1
0.674387 0.333267
0.476159 0.256464
0.504152 0.369709
0.434448 0.339489
0.528972 0.459763
0.103279 0.0626791
0.743362 0.531297
0.480089 0.403444
0.678071 0.536597
1 1
0.547623 0.475622
0.282054 0.237221
0.0370655 0.0331467
0.826941 0.636479
0.527519 0.396505
0.593648 0.526357
0.870792 0.711753
0.834627 0.292502
0.784436 0.518218
0.736791 0.560614
0.499894 0.366
0.555757 0.342847
0.29277 0.29277
0.568335 0.401781
1 1
0.333333 0.333333
1 0.999993
0.728393 0.647781
0.417918 0.2467
0.487952 0.218218
0.838862 0.732159
0.333333 0.333333
0.671486 0.426069
0.405129 0.196988
0.353535 0.238736
0.895845 0.529016
1 1
0.649449 0.334516
0.730971 0.693013
1 1
1 1
0.570676 0.285985
0.493887 0.340206
1 1
1 1
0.658219 0.56265
0.933258 0.695608
0.638285 0.22771
1 1
0.620834 0.553073
0.620175 0.277351
0.0942209 0.0617944
0.333334 0.333334
0.425346 0.230619
1 1
0.108112 0.0976848
0.726045 0.464579
0.434778 0.292839
1 1
0.0983645 0.0390236
0.495557 0.425245
0.736788 0.29277
0.620174 0.27735
0.658664 0.566592
0.545832 0.175053
0.555283 0.308057
0.549402 0.521148
0.758557 0.177505
0.817728 0.490156
0.50224 0.303843
0.172874 0.100046
0.724037 0.611011
0.875133 0.545492
0.190117 0.190117
0.723862 0.618375
0.695984 0.22459
0.71686 0.435737
0.403225 0.370126
0.806206 0.416949
0.646036 0.495947
0.593714 0.391103
0.472865 0.263885
0.730426 0.730426
0.645912 0.238776
0.766124 0.491661
0.0521168 0.024944
0.610167 0.419313
0.162985 0.095113
0.424749 0.337756
0.418861 0.418861
0.590126 0.310934
0.784404 0.564598
0.67182 0.464145
0.330924 0.151303
0.180084 0.116214
0.800967 0.336106
0.433216 0.242063
0.595862 0.430083
0.213305 0.101751
0.522993 0.440641
0.623113 0.504642
0.656975 0.557196
0.644056 0.406966
0.523829 0.523829
0.450533 0.258519
0.0438408 0.0221591
0.607034 0.421366
0.656586 0.281968
0.743227 0.709393
1 1
0.593319 0.340214
0.642346 0.435011
0.944309 0.330345
0.961547 0.791633
0.84608 0.495315
0.308667 0.271357
0.825237 0.671101
0.60545 0.429221
0.564225 0.291432
0.0275036 0.0186196
0.641687 0.420084
0.754224 0.672757
0.333333 0.333333
0.485087 0.318648
0.643688 0.643688
0.816384 0.718918
0.554578 0.40236
0.415344 0.370238
0.596206 0.343577
0.681963 0.461811
0.231703 0.153439
1 1
0.0732315 0.0360121
1 1
0.945222 0.172372
0.606096 0.606096
0.696201 0.52215
0.763291 0.763291
0.429691 0.234097
1 1
0.722085 0.421257
0.826578 0.711388
1 1
0.621686 0.464734
0.490344 0.338391
0.636684 0.118014
0.855515 0.555714
0.492777 0.441923
0.467876 0.351273
0.494743 0.455998
0.625545 0.427708
0.498307 0.334874
0.692704 0.515491
1 1
0.449576 0.377636
0.424262 0.287003
0.999994 0.39736
0.613863 0.520633
0.29277 0.29277
0.443985 0.269397
0.584515 0.428534
0.0444666 0.0296931
0.750059 0.750059
0.249862 0.154474
0.636625 0.494917
0.586247 0.510091
0.646038 0.382277
0.404393 0.360897
0.513153 0.402006
0.581565 0.279644
0.379147 0.294049
1 1
1 1
0.614316 0.365997
1 1
0.688817 0.574403
0.610027 0.340003
0.858505 0.489064
0.113868 0.0983944
0.589598 0.41674
0.751665 0.653699
1 1
0.42858 0.296013
0.452967 0.305599
0.538431 0.449973
0.503652 0.218564
0.83764 0.631128
0.580204 0.41627
0.656583 0.281967
0.333334 0.333334
0.69027 0.455512
0.512774 0.133769
0.620175 0.277351
0.040228 0.0229634
0.0870499 0.0468568
0.344521 0.241403
0.469606 0.373144
0.457372 0.389169
0.582722 0.345624
0.0440143 0.0342316
0.504404 0.420277
0.450533 0.25852
0.534775 0.406071
0.816593 0.084572
