0 0 0
1 0.505208 0.306397
1 0.438879 0.316524
1 0.46319 0.284016
1 0.515848 0.35328
1 0.534794 0.259901
1 0.61686 0.320591
1 0.542708 0.359625
1 0.544037 0.2827
1 0.508539 0.341334
1 0.505341 0.266924
1 0.52182 0.277544
1 0.500778 0.286846
1 0.516884 0.314559
1 0.497234 0.324261
1 0.466443 0.2964
1 0.523717 0.35424
1 0.492008 0.327836
1 0.522857 0.390562
1 0.473953 0.329996
1 0.503694 0.341393
1 0.498187 0.337324
1 0.499291 0.275884
1 0.533031 0.306493
1 0.494913 0.320926
1 0.495428 0.414199
1 0.48417 0.25893
1 0.597377 0.332201
1 0.522871 0.344931
1 0.488342 0.404122
1 0.475529 0.262808
1 0.50485 0.305809
1 0.552136 0.324208
1 0.51869 0.342468
1 0.520576 0.319374
1 0.511577 0.324592
1 0.52024 0.387856
1 0.469272 0.24877
1 0.49878 0.321134
1 0.497959 0.363518
1 0.463848 0.361333
1 0.507751 0.361295
1 0.525967 0.303614
1 0.546604 0.382593
1 0.510154 0.352302
1 0.493051 0.324306
1 0.501556 0.30482
1 0.49897 0.309942
1 0.461145 0.29659
1 0.506215 0.337605
1 0.463126 0.308125
1 0.491424 0.362153
1 0.47172 0.229351
1 0.518213 0.333822
1 0.566328 0.293316
1 0.515522 0.316828
1 0.538957 0.276283
1 0.495769 0.30129
1 0.505235 0.258342
1 0.471795 0.316682
1 0.504803 0.352098
1 0.499627 0.332376
1 0.493077 0.344659
1 0.485871 0.303145
1 0.514107 0.348793
1 0.508046 0.317548
1 0.512851 0.254306
1 0.487184 0.340068
1 0.488449 0.328212
1 0.52306 0.353125
1 0.438334 0.274654
1 0.446434 0.359559
1 0.497011 0.313277
1 0.483405 0.281037
1 0.484189 0.282163
1 0.482076 0.300612
1 0.489775 0.286719
1 0.553719 0.27566
1 0.550089 0.340256
1 0.510737 0.333783
1 0.506746 0.321473
1 0.477639 0.331155
1 0.57267 0.295263
1 0.533823 0.306543
1 0.483527 0.331635
1 0.435473 0.336927
1 0.493622 0.243214
1 0.525865 0.291088
1 0.524064 0.330241
1 0.430764 0.345735
1 0.481378 0.353035
1 0.483222 0.34141
1 0.49905 0.280117
1 0.537372 0.298178
1 0.476685 0.303453
1 0.501763 0.291556
1 0.488886 0.362013
1 0.478768 0.2795
1 0.513906 0.294531
1 0.512671 0.315472
1 0.510301 0.37715
1 0.458538 0.329006
1 0.520145 0.29462
1 0.515738 0.313996
1 0.498157 0.269533
1 0.510976 0.258377
1 0.473106 0.324617
1 0.481719 0.26195
1 0.520401 0.376384
1 0.516091 0.241653
1 0.462785 0.297724
1 0.514499 0.296235
1 0.48027 0.224791
1 0.564706 0.395083
1 0.473647 0.293599
1 0.507736 0.352541
1 0.536909 0.286937
1 0.507612 0.313366
1 0.514696 0.303892
1 0.502554 0.272243
1 0.48302 0.316427
1 0.516856 0.321269
1 0.588669 0.313563
1 0.511684 0.321308
1 0.53208 0.291338
1 0.574019 0.272554
1 0.515473 0.312836
1 0.51206 0.336846
1 0.46326 0.348607
1 0.507106 0.286879
1 0.463926 0.298795
1 0.479313 0.292735
1 0.49833 0.33214
1 0.495847 0.256564
1 0.462096 0.347207
1 0.520491 0.352152
1 0.492039 0.395042
1 0.558431 0.284403
1 0.465262 0.299335
1 0.543506 0.34824
1 0.500868 0.306901
1 0.517073 0.286522
1 0.52716 0.389975
1 0.526052 0.344408
1 0.491775 0.338892
1 0.534461 0.331766
1 0.516883 0.380331
1 0.513366 0.278398
1 0.45266 0.310452
1 0.510549 0.303421
1 0.599381 0.277307
1 0.528997 0.306153
1 0.503816 0.364565
1 0.493878 0.325784
1 0.467727 0.302102
1 0.501591 0.313365
1 0.536845 0.373578
1 0.447009 0.344839
1 0.517696 0.318366
1 0.448176 0.356123
1 0.525713 0.355922
1 0.560121 0.291016
1 0.487795 0.2898
1 0.531353 0.307712
1 0.508178 0.322045
1 0.496486 0.368142
1 0.502281 0.331567
1 0.526783 0.321838
1 0.463582 0.229812
1 0.498906 0.339933
1 0.577872 0.404978
1 0.417543 0.383881
1 0.55713 0.296142
1 0.507177 0.296416
1 0.468208 0.285669
1 0.540488 0.292115
1 0.478315 0.340499
1 0.524613 0.29226
1 0.497674 0.273662
1 0.512119 0.276556
1 0.495819 0.379502
1 0.500549 0.380496
1 0.449845 0.335906
1 0.524173 0.292882
1 0.515605 0.302277
1 0.48306 0.309444
1 0.505199 0.338428
1 0.468328 0.347428
1 0.523043 0.252765
1 0.501805 0.333461
1 0.526086 0.35578
1 0.492706 0.31357
1 0.52977 0.303274
1 0.521141 0.314399
1 0.501523 0.364437
1 0.484586 0.320189
1 0.471457 0.313126
1 0.490052 0.305111
1 0.482423 0.339789
1 0.49218 0.328969
1 0.497553 0.305187
1 0.495002 0.336883
1 0.505492 0.309176
1 0.49699 0.394448
1 0.508265 0.346443
1 0.505177 0.344745
1 0.467478 0.349821
1 0.522696 0.319301
1 0.512866 0.331686
1 0.502478 0.342679
1 0.52185 0.335157
1 0.486709 0.315336
1 0.472314 0.283229
1 0.46585 0.329809
1 0.474127 0.280873
1 0.494946 0.281254
1 0.46174 0.284955
1 0.534599 0.348935
1 0.530572 0.280069
1 0.551762 0.308239
1 0.541914 0.227561
1 0.506174 0.26001
1 0.522419 0.32169
1 0.465196 0.32426
1 0.50514 0.322309
1 0.528609 0.361551
1 0.470629 0.319023
1 0.477605 0.269505
1 0.516283 0.278
1 0.516562 0.331607
1 0.44276 0.320905
1 0.500923 0.348458
1 0.484085 0.271923
1 0.520691 0.326496
1 0.503361 0.329049
1 0.477803 0.276212
1 0.489402 0.310389
1 0.471762 0.330133
1 0.514769 0.308322
1 0.61223 0.275764
1 0.45548 0.259492
1 0.476311 0.32571
1 0.525221 0.324397
1 0.455077 0.348497
1 0.506354 0.346199
1 0.5182 0.303981
1 0.452473 0.276735
1 0.502582 0.366054
1 0.54193 0.288143
1 0.505055 0.325278
1 0.496242 0.349659
1 0.51203 0.342503
1 0.533067 0.335183
1 0.525417 0.285741
1 0.519588 0.328235
1 0.50063 0.334365
1 0.524562 0.311367
1 0.529517 0.308338
1 0.532263 0.326167
1 0.491946 0.248718
1 0.544404 0.305285
1 0.467124 0.298183
1 0.505299 0.266908
1 0.519818 0.293233
1 0.504493 0.304666
1 0.509122 0.331475
1 0.528555 0.339743
1 0.492427 0.375677
1 0.477406 0.421399
1 0.51673 0.381077
1 0.492016 0.316562
1 0.51842 0.406387
1 0.568428 0.310875
1 0.535807 0.279575
1 0.533664 0.301487
1 0.489808 0.356243
1 0.587498 0.359685
1 0.499325 0.332514
1 0.457751 0.32025
1 0.55929 0.311798
1 0.505536 0.32051
1 0.455508 0.330814
1 0.519812 0.334028
1 0.485455 0.380843
1 0.483135 0.331219
1 0.459671 0.292535
1 0.571488 0.365611
1 0.449167 0.304661
1 0.527468 0.352958
1 0.494089 0.368888
1 0.486229 0.272516
1 0.533631 0.325137
1 0.491797 0.375817
1 0.505654 0.275097
1 0.43107 0.310469
1 0.554217 0.290189
1 0.493459 0.361729
1 0.522893 0.355803
1 0.530902 0.345806
1 0.547304 0.377608
1 0.495123 0.35675
1 0.545505 0.295665
1 0.466729 0.236395
1 0.482961 0.346591
1 0.499321 0.342873
1 0.487576 0.384251
1 0.539934 0.417488
1 0.492572 0.286897
1 0.475404 0.347087
1 0.447859 0.380761
1 0.512356 0.225016
1 0.483957 0.361026
1 0.476705 0.34567
1 0.554189 0.353102
1 0.525038 0.314338
1 0.476396 0.305789
1 0.485172 0.302173
1 0.526394 0.278271
1 0.504655 0.280346
1 0.517421 0.276224
1 0.498806 0.289259
1 0.515475 0.304969
1 0.528921 0.305297
1 0.49618 0.279473
1 0.480405 0.31778
1 0.549582 0.272555
1 0.492088 0.304769
1 0.487002 0.287102
1 0.493905 0.313369
1 0.551494 0.356696
1 0.470343 0.290714
1 0.478923 0.338553
1 0.512339 0.278186
1 0.506353 0.318269
1 0.494314 0.330298
1 0.507056 0.353479
1 0.522789 0.338621
1 0.477532 0.314881
1 0.551056 0.29846
1 0.516289 0.315153
1 0.54936 0.355014
1 0.496288 0.342063
1 0.559098 0.357396
1 0.451467 0.318903
1 0.48564 0.335341
1 0.499121 0.340264
1 0.483124 0.311579
1 0.500937 0.387042
1 0.499604 0.310474
1 0.523376 0.392849
1 0.505761 0.32717
1 0.498733 0.331313
1 0.493189 0.281084
1 0.497455 0.281502
1 0.52151 0.267636
1 0.451275 0.313986
1 0.509516 0.30382
1 0.537139 0.34643
1 0.5097 0.291923
1 0.478262 0.368709
1 0.476551 0.254985
1 0.498544 0.343732
1 0.549871 0.38739
1 0.489566 0.37362
1 0.518126 0.330521
1 0.46718 0.322285
1 0.464479 0.328172
1 0.497376 0.317597
1 0.511107 0.32588
1 0.473322 0.252622
1 0.48568 0.325725
1 0.504373 0.3889
1 0.527042 0.324643
1 0.52158 0.33201
1 0.523229 0.31705
1 0.534631 0.261433
1 0.512722 0.353806
1 0.538951 0.34718
1 0.538935 0.398822
1 0.504271 0.299752
1 0.525045 0.352858
1 0.504933 0.276347
1 0.504363 0.322751
1 0.527603 0.317973
1 0.425257 0.265265
1 0.475208 0.242885
1 0.485184 0.366189
1 0.498973 0.307616
1 0.519114 0.394775
1 0.397114 0.2935
1 0.436299 0.362825
1 0.468952 0.341175
1 0.502714 0.243744
1 0.484049 0.26218
1 0.515756 0.292787
1 0.501206 0.346547
1 0.535461 0.280613
1 0.524667 0.384831
1 0.480804 0.352782
1 0.501177 0.294246
1 0.450559 0.364958
1 0.49914 0.325306
1 0.488237 0.315539
1 0.444295 0.334977
1 0.467234 0.291092
1 0.528155 0.305393
1 0.511593 0.30221
1 0.495914 0.346361
1 0.529296 0.266105
1 0.458499 0.33916
1 0.51715 0.399566
1 0.506887 0.25808
1 0.511093 0.362369
1 0.548418 0.409997
1 0.475328 0.307766
1 0.52552 0.200079
1 0.5193 0.335222
1 0.603995 0.385592
1 0.399911 0.32453
1 0.575421 0.394203
1 0.478915 0.294956
1 0.541338 0.278425
1 0.526852 0.383206
1 0.548458 0.348013
1 0.519769 0.287531
1 0.526607 0.270326
1 0.518595 0.282922
1 0.53466 0.317646
1 0.500865 0.36011
1 0.57351 0.313572
1 0.512499 0.343793
1 0.505121 0.301254
1 0.535853 0.315208
1 0.530346 0.417129
1 0.476052 0.347111
1 0.49609 0.346265
1 0.528027 0.272377
1 0.507895 0.242517
1 0.466334 0.326224
1 0.551209 0.317979
1 0.513238 0.199842
1 0.50075 0.277577
1 0.472323 0.302202
1 0.502243 0.282838
1 0.502764 0.334346
1 0.470551 0.277425
1 0.500897 0.322597
1 0.50416 0.339669
1 0.486178 0.291584
1 0.487971 0.354918
1 0.524233 0.390271
1 0.516544 0.274269
1 0.54687 0.334299
1 0.51296 0.340461
1 0.473851 0.37169
1 0.523619 0.302228
1 0.502451 0.245585
1 0.48696 0.32452
1 0.547503 0.340079
1 0.516623 0.343721
1 0.538068 0.36254
1 0.481172 0.333508
1 0.496001 0.342849
1 0.489745 0.334593
1 0.506927 0.367086
1 0.5195 0.32563
1 0.523569 0.299099
1 0.47886 0.332593
1 0.504887 0.300208
1 0.53787 0.340138
1 0.510001 0.290896
1 0.496842 0.307248
1 0.457923 0.295472
1 0.54254 0.283808
1 0.492251 0.371705
1 0.535575 0.35225
1 0.535119 0.295632
1 0.489967 0.30507
1 0.496352 0.319666
1 0.502083 0.286223
1 0.505484 0.296784
1 0.426562 0.318271
1 0.527437 0.295215
1 0.462383 0.295624
1 0.505599 0.309511
1 0.498756 0.323555
1 0.472715 0.331241
1 0.495198 0.283674
1 0.520531 0.368416
1 0.547187 0.281992
1 0.454175 0.32304
1 0.54963 0.288732
1 0.508546 0.280388
1 0.461107 0.367876
1 0.493814 0.322567
1 0.468358 0.322248
1 0.527645 0.417606
1 0.449163 0.316771
1 0.511458 0.323027
1 0.46891 0.322327
1 0.496005 0.33031
1 0.481616 0.30453
1 0.508838 0.367672
1 0.513858 0.328477
1 0.539054 0.289684
1 0.483263 0.286198
1 0.538697 0.212278
1 0.481881 0.322925
1 0.462928 0.331115
1 0.441333 0.339631
1 0.526359 0.332117
1 0.497237 0.294765
1 0.544154 0.506698
1 0.504326 0.302281
1 0.529083 0.290607
1 0.469355 0.411455
1 0.509002 0.278873
1 0.523528 0.27089
1 0.525805 0.361744
1 0.493186 0.33122
1 0.501659 0.315922
1 0.51259 0.321548
1 0.531998 0.301471
1 0.506445 0.310375
1 0.482914 0.30041
1 0.459738 0.328685
1 0.486202 0.317223
1 0.487755 0.309117
1 0.521091 0.355819
1 0.519011 0.289128
1 0.477158 0.336435
1 0.511118 0.315516
1 0.491547 0.274265
1 0.50598 0.314186
1 0.481714 0.338488
1 0.476839 0.312428
1 0.507844 0.323681
1 0.542419 0.264553
1 0.510127 0.335838
1 0.478327 0.317258
1 0.485703 0.326752
1 0.504603 0.311047
1 0.476678 0.338782
1 0.484205 0.336242
1 0.498573 0.392701
1 0.56413 0.309578
1 0.497873 0.323328
1 0.49614 0.329291
1 0.5101 0.300572
1 0.511381 0.350044
1 0.52556 0.248425
1 0.504657 0.262827
1 0.563013 0.304144
1 0.535253 0.377908
1 0.490044 0.309448
1 0.49767 0.293592
1 0.511765 0.311913
1 0.499053 0.335544
1 0.46586 0.352934
1 0.472359 0.354939
1 0.522256 0.246084
1 0.480871 0.39421
1 0.50908 0.309476
1 0.488561 0.308334
1 0.514249 0.338483
1 0.483188 0.307336
1 0.430291 0.359484
1 0.445685 0.263253
1 0.528653 0.321737
1 0.479911 0.36073
1 0.44929 0.350397
1 0.529717 0.342729
1 0.525352 0.315122
1 0.513331 0.314935
1 0.540499 0.366584
1 0.48958 0.395244
1 0.463142 0.32449
1 0.546762 0.299067
1 0.600455 0.424397
1 0.516936 0.29725
1 0.495977 0.373078
1 0.531962 0.384759
1 0.486145 0.336995
1 0.515038 0.335073
1 0.457101 0.393292
1 0.507667 0.327445
1 0.48949 0.311777
1 0.57158 0.291862
1 0.499612 0.296944
1 0.556712 0.344401
1 0.490851 0.301724
1 0.441771 0.263567
1 0.462905 0.30463
1 0.506169 0.315543
1 0.516242 0.299261
1 0.538339 0.366089
1 0.549159 0.327485
1 0.500544 0.382223
1 0.515041 0.279401
1 0.521815 0.314137
1 0.464111 0.275472
1 0.487767 0.353981
1 0.478937 0.311657
1 0.537275 0.366408
1 0.570712 0.301457
1 0.510468 0.290967
1 0.506735 0.368245
1 0.513143 0.3025
1 0.525616 0.309374
1 0.519138 0.355213
1 0.512485 0.320143
1 0.523458 0.323087
1 0.506095 0.237315
1 0.495672 0.379858
1 0.463296 0.327476
1 0.538503 0.279538
1 0.54675 0.365137
1 0.558443 0.311145
1 0.493476 0.301815
1 0.51324 0.316172
1 0.498316 0.318324
1 0.507224 0.31689
1 0.546237 0.317955
1 0.45711 0.348995
1 0.516323 0.367778
1 0.548906 0.301049
1 0.543183 0.359789
1 0.554941 0.361191
1 0.491335 0.347945
1 0.499663 0.350038
1 0.495004 0.284722
1 0.481911 0.32496
1 0.495443 0.314224
1 0.496154 0.274327
1 0.545347 0.389167
1 0.538506 0.352259
1 0.460943 0.299817
1 0.489758 0.324616
1 0.499263 0.341655
1 0.513399 0.331181
1 0.519995 0.319993
1 0.494423 0.280584
1 0.506292 0.306817
1 0.46964 0.263807
1 0.517077 0.296271
1 0.519222 0.324231
1 0.549865 0.320252
1 0.519908 0.32124
1 0.496714 0.350198
1 0.469903 0.350483
1 0.485623 0.329826
1 0.489501 0.286435
1 0.476108 0.241784
1 0.484445 0.318726
1 0.437317 0.303959
1 0.505121 0.341791
1 0.522082 0.258136
1 0.505465 0.316118
1 0.543614 0.338898
1 0.511285 0.325981
1 0.528804 0.347142
1 0.531829 0.38242
1 0.49531 0.315281
1 0.531767 0.347447
1 0.446932 0.283507
1 0.498785 0.31801
1 0.592571 0.261651
1 0.384653 0.338166
1 0.532975 0.391453
1 0.538172 0.297291
1 0.512528 0.268724
1 0.477632 0.289128
1 0.557489 0.406348
1 0.49799 0.267637
1 0.5009 0.336121
1 0.494704 0.325515
1 0.505416 0.294258
1 0.510554 0.362259
1 0.498185 0.340762
1 0.538584 0.326345
1 0.439675 0.324978
1 0.493018 0.370135
1 0.497736 0.325178
1 0.486113 0.320078
1 0.514943 0.305992
1 0.50004 0.338905
1 0.508659 0.305964
1 0.536304 0.335088
1 0.527999 0.313686
1 0.439085 0.30318
1 0.494465 0.327985
1 0.508045 0.297761
1 0.482438 0.312711
1 0.533663 0.31193
1 0.546097 0.301824
1 0.519537 0.418205
1 0.569857 0.322486
1 0.443907 0.346605
1 0.482831 0.33593
1 0.5412 0.368948
1 0.517941 0.330047
1 0.544765 0.317741
1 0.466404 0.336563
1 0.481774 0.271434
1 0.462999 0.308701
1 0.472492 0.288579
1 0.538023 0.299273
1 0.499105 0.282718
1 0.465675 0.32881
1 0.507205 0.315032
1 0.480429 0.441094
1 0.489682 0.333001
1 0.512018 0.305616
1 0.51227 0.410206
1 0.525461 0.36472
1 0.527232 0.417763
1 0.447014 0.323321
1 0.519692 0.289346
1 0.532976 0.342571
1 0.502669 0.303958
1 0.467858 0.261553
1 0.498941 0.301884
1 0.441678 0.310141
1 0.462476 0.314218
1 0.497934 0.325242
1 0.490606 0.251828
1 0.526311 0.351359
1 0.516408 0.294016
1 0.502387 0.316389
1 0.500781 0.357951
1 0.423132 0.322209
1 0.498317 0.32025
1 0.475204 0.314088
1 0.474937 0.340479
1 0.535334 0.302303
1 0.51804 0.273169
1 0.478636 0.304663
1 0.500763 0.274322
1 0.476117 0.302428
1 0.480704 0.283712
1 0.490225 0.316943
1 0.501253 0.297009
1 0.512374 0.378572
1 0.482917 0.297656
1 0.435099 0.318834
1 0.498755 0.31595
1 0.528857 0.351193
1 0.445829 0.344304
1 0.473528 0.266932
1 0.519211 0.303637
1 0.499916 0.28259
1 0.507938 0.269713
1 0.539245 0.421401
1 0.508118 0.315863
1 0.557832 0.329667
1 0.474165 0.305943
1 0.484382 0.361728
1 0.530563 0.308069
1 0.450154 0.320322
1 0.561829 0.294847
1 0.503146 0.248111
1 0.507982 0.298207
1 0.526074 0.268031
1 0.55838 0.267625
1 0.481436 0.27592
1 0.522434 0.358762
1 0.549556 0.32874
1 0.557646 0.28103
1 0.494726 0.305326
1 0.460872 0.341669
1 0.480068 0.225795
1 0.526695 0.328819
1 0.493894 0.319464
1 0.510596 0.316402
1 0.509468 0.298997
1 0.487749 0.328699
1 0.500203 0.289408
1 0.519586 0.264989
1 0.510968 0.38931
1 0.498065 0.339071
1 0.514149 0.312245
1 0.520096 0.311252
1 0.504348 0.405422
1 0.539423 0.418515
1 0.539213 0.342949
1 0.503255 0.28642
1 0.492579 0.350686
1 0.482041 0.327299
1 0.494198 0.338946
1 0.497442 0.341678
1 0.519623 0.274789
1 0.448034 0.302546
1 0.507023 0.271566
1 0.475343 0.312305
1 0.498753 0.309855
1 0.476734 0.319025
1 0.441218 0.326549
1 0.483971 0.308815
1 0.540446 0.366266
1 0.524993 0.318907
1 0.513315 0.286053
1 0.484376 0.31981
1 0.457348 0.272825
1 0.49618 0.344169
1 0.461463 0.300088
1 0.537123 0.40592
1 0.471588 0.306996
1 0.486043 0.312245
1 0.499149 0.377864
1 0.541049 0.337064
1 0.488463 0.299429
1 0.497611 0.297253
1 0.537099 0.353786
1 0.508114 0.393515
1 0.476987 0.362837
1 0.483623 0.313299
1 0.470085 0.342249
1 0.500366 0.283787
1 0.503182 0.31423
1 0.513479 0.316969
1 0.506266 0.373232
1 0.509496 0.293961
1 0.517417 0.334826
1 0.483782 0.348654
1 0.531144 0.341088
1 0.518305 0.33852
1 0.529135 0.375528
1 0.437254 0.315229
1 0.508014 0.331708
1 0.456601 0.352775
1 0.495992 0.313558
1 0.454242 0.290107
1 0.509207 0.281013
1 0.504871 0.360514
1 0.465628 0.316536
1 0.501744 0.297337
1 0.534546 0.374932
1 0.503288 0.346963
1 0.53969 0.362563
1 0.539653 0.315009
1 0.51298 0.261981
1 0.506407 0.341485
1 0.488064 0.289544
1 0.511289 0.272568
1 0.573495 0.383266
1 0.490272 0.375741
1 0.467067 0.287709
1 0.466415 0.33087
1 0.497798 0.31683
1 0.503301 0.304023
1 0.497227 0.33373
1 0.468007 0.316333
1 0.558315 0.308418
1 0.448856 0.304837
1 0.433707 0.335915
1 0.509991 0.307618
1 0.503469 0.315035
1 0.495916 0.289255
1 0.516031 0.309685
1 0.495859 0.40143
1 0.497495 0.312661
1 0.516496 0.257325
1 0.470332 0.327237
1 0.525742 0.289517
1 0.487123 0.359785
1 0.48102 0.333079
1 0.481168 0.299966
1 0.558367 0.288278
1 0.505926 0.31281
1 0.52196 0.314631
1 0.474396 0.250887
1 0.481933 0.277052
1 0.506463 0.302065
1 0.506575 0.357464
1 0.600617 0.239847
1 0.51498 0.348158
1 0.528342 0.326428
1 0.47154 0.278417
1 0.460272 0.292901
1 0.476146 0.319666
1 0.491995 0.312362
1 0.541395 0.376055
1 0.514137 0.368679
1 0.456747 0.301913
1 0.527777 0.329091
1 0.465618 0.292459
1 0.48146 0.304527
1 0.481044 0.308399
1 0.474808 0.300417
1 0.494289 0.318791
1 0.509418 0.306314
1 0.508194 0.318442
1 0.535942 0.300646
1 0.512587 0.302916
1 0.486268 0.305363
1 0.507089 0.329937
1 0.45892 0.318837
1 0.502412 0.244791
1 0.499264 0.336006
1 0.490006 0.332594
1 0.476223 0.318082
1 0.509298 0.3418
1 0.518787 0.395021
1 0.479965 0.353174
1 0.521627 0.320569
1 0.46201 0.32877
1 0.476337 0.351326
1 0.501885 0.325294
1 0.527276 0.349017
1 0.515388 0.280319
1 0.518648 0.296825
1 0.460957 0.261887
1 0.505973 0.308905
1 0.549111 0.452738
1 0.514162 0.334827
1 0.491755 0.286509
1 0.501867 0.317717
1 0.525194 0.317831
1 0.446868 0.324943
1 0.47144 0.404059
1 0.436509 0.308466
1 0.525518 0.330593
1 0.496031 0.307485
1 0.458063 0.387682
1 0.466299 0.337105
1 0.509968 0.298025
1 0.480785 0.355141
1 0.455485 0.309395
1 0.477001 0.300179
1 0.5141 0.317119
1 0.443075 0.301046
1 0.527438 0.366182
1 0.498424 0.351935
1 0.499158 0.337732
1 0.518516 0.345228
1 0.490101 0.390853
1 0.550535 0.352447
1 0.545996 0.300128
1 0.490482 0.291881
1 0.503014 0.342055
1 0.472573 0.33277
1 0.524661 0.321882
1 0.479437 0.311557
1 0.515436 0.340668
1 0.524989 0.306158
1 0.541078 0.291943
1 0.439675 0.37915
1 0.512709 0.375279
1 0.469725 0.397339
1 0.505178 0.34519
1 0.451774 0.284619
1 0.495124 0.344776
1 0.509646 0.315751
1 0.487218 0.304391
1 0.539261 0.289804
1 0.515152 0.312083
1 0.520157 0.245512
1 0.470539 0.375742
1 0.489306 0.389586
1 0.526888 0.309312
1 0.532147 0.333766
1 0.466731 0.305853
1 0.481376 0.2917
1 0.50113 0.316917
1 0.467603 0.318257
1 0.5423 0.327251
1 0.467904 0.344424
1 0.490075 0.311905
1 0.497967 0.323615
1 0.47402 0.22051
1 0.495639 0.322693
1 0.543484 0.333611
1 0.48232 0.266888
1 0.498863 0.391402
1 0.509701 0.379478
1 0.495675 0.338994
1 0.499575 0.349706
1 0.487757 0.296889
1 0.530079 0.299127
1 0.472868 0.268948
1 0.504714 0.285943
1 0.495437 0.284821
1 0.475543 0.359844
1 0.499476 0.346465
1 0.488642 0.328005
1 0.505824 0.377865
1 0.502464 0.341944
1 0.500163 0.374589
1 0.527862 0.28238
1 0.476517 0.315788
1 0.524423 0.365477
1 0.493572 0.277929
1 0.490261 0.329058
1 0.445138 0.309193
1 0.526532 0.317799
1 0.479918 0.278963
1 0.60578 0.232585
1 0.507641 0.281802
1 0.518651 0.335604
1 0.461112 0.272019
1 0.451061 0.393002
1 0.528292 0.297261
1 0.458802 0.324515
1 0.531503 0.31534
1 0.563993 0.296969
1 0.534112 0.329719
1 0.489819 0.37343
1 0.583402 0.339629
1 0.504599 0.294499
1 0.516411 0.235177
1 0.482662 0.324592
1 0.506678 0.320952
1 0.496232 0.361644
1 0.467664 0.35
1 0.504169 0.338058
1 0.459571 0.401426
1 0.48936 0.281905
1 0.504323 0.359368
1 0.497682 0.334176
1 0.507726 0.324933
1 0.508719 0.238226
1 0.531536 0.328118
1 0.487423 0.350283
1 0.533516 0.291247
1 0.540917 0.364128
1 0.503382 0.315008
1 0.525483 0.32317
1 0.495343 0.33034
1 0.453562 0.293264
1 0.567683 0.372268
1 0.497864 0.347138
1 0.508296 0.305054
1 0.460187 0.333806
1 0.503485 0.334765
1 0.498344 0.306459
1 0.460705 0.325056
1 0.504707 0.26722
1 0.498699 0.387317
1 0.527148 0.327185
1 0.508864 0.334253
1 0.522643 0.346245
1 0.539934 0.351211
1 0.469868 0.359223
1 0.495681 0.35709
1 0.520778 0.294539
1 0.475199 0.260972
1 0.482101 0.340512
1 0.544275 0.318697
1 0.527723 0.396562
1 0.523077 0.35559
1 0.491145 0.328751
1 0.416062 0.360233
1 0.482703 0.321216
1 0.465744 0.373601
1 0.492122 0.354239
1 0.478424 0.319208
1 0.5459 0.317456
1 0.516766 0.289061
1 0.522391 0.333186
1 0.474297 0.303169
1 0.492515 0.321454
1 0.51459 0.340877
1 0.479836 0.386501
1 0.51043 0.368704
1 0.473881 0.343505
1 0.476442 0.341221
1 0.479975 0.23325
1 0.539234 0.390918
1 0.476496 0.300154
1 0.480038 0.310133
1 0.488687 0.36014
1 0.502742 0.312145
1 0.553935 0.307455
1 0.471367 0.396524
1 0.519718 0.307714
1 0.501681 0.326422
1 0.46896 0.392628
1 0.502828 0.365158
1 0.509611 0.311516
1 0.49886 0.265176
1 0.494062 0.273689
1 0.477654 0.295345
1 0.476462 0.239664
1 0.512908 0.24854
1 0.539408 0.345961
1 0.543719 0.360702
1 0.473054 0.354375
1 0.470999 0.377864
1 0.421686 0.342542
1 0.480728 0.287282
1 0.494986 0.328532
1 0.470233 0.327795
1 0.534592 0.330946
1 0.506396 0.316431
1 0.526721 0.291621
1 0.504877 0.311945
1 0.49264 0.297711
1 0.48849 0.304962
1 0.500211 0.289034
1 0.514385 0.299259
1 0.429612 0.281136
1 0.407484 0.25138
1 0.480971 0.396679
1 0.453475 0.355635
1 0.484005 0.356033
1 0.514944 0.340638
1 0.488468 0.352267
1 0.532491 0.374537
1 0.493658 0.274965
1 0.526225 0.331771
1 0.50817 0.316719
1 0.486548 0.365962
1 0.492953 0.272459
1 0.50132 0.295566
1 0.485552 0.321966
1 0.471621 0.346044
1 0.495054 0.408751
1 0.480005 0.340928
1 0.468772 0.345293
1 0.457108 0.290223
1 0.471451 0.289071
1 0.49334 0.297189
1 0.465677 0.334972
1 0.492343 0.232585
1 0.464391 0.330557
1 0.456136 0.318546
1 0.480144 0.238375
1 0.524833 0.365364
1 0.485016 0.272423
1 0.485186 0.344372
1 0.539986 0.250348
1 0.442018 0.332969
1 0.498391 0.37861
1 0.54028 0.293154
1 0.53847 0.400394
1 0.496669 0.302828
1 0.491486 0.428557
1 0.51025 0.282923
1 0.503691 0.289196
1 0.517921 0.363003
1 0.503466 0.306919
1 0.499141 0.363423
1 0.477298 0.370684
1 0.495798 0.32031
1 0.527884 0.306698
1 0.509807 0.341766
1 0.53012 0.226862
1 0.51188 0.367254
1 0.545031 0.397567
1 0.510971 0.292278
1 0.450092 0.325578
1 0.497056 0.291243
1 0.455198 0.228514
1 0.522486 0.278771
1 0.514395 0.347251
1 0.440812 0.308631
1 0.483371 0.340586
1 0.479837 0.383908
1 0.441996 0.373938
1 0.495199 0.352297
1 0.498438 0.331151
1 0.516405 0.341331
1 0.455427 0.305411
1 0.520477 0.318634
1 0.50237 0.294943
1 0.515202 0.328643
1 0.531455 0.314288
1 0.5147 0.334124
1 0.5114 0.322093
1 0.473847 0.283442
1 0.489663 0.285942
1 0.457762 0.28103
1 0.473838 0.331977
1 0.447564 0.306927
1 0.447969 0.299522
1 0.507729 0.262693
1 0.494502 0.286613
1 0.475667 0.262285
1 0.495387 0.299923
1 0.490936 0.340914
1 0.505792 0.319889
1 0.51085 0.30564
1 0.505428 0.309134
1 0.479042 0.309875
1 0.524579 0.269361
1 0.520568 0.283284
1 0.496324 0.318279
1 0.519884 0.31909
1 0.493347 0.297188
1 0.439195 0.355231
1 0.506262 0.279773
1 0.509579 0.307227
1 0.4794 0.329445
1 0.481207 0.320438
1 0.625882 0.285951
1 0.49795 0.301111
1 0.508996 0.266911
1 0.541259 0.29625
1 0.471041 0.319734
1 0.495264 0.364241
1 0.470347 0.322238
1 0.46927 0.276466
1 0.484079 0.257756
1 0.556253 0.311919
1 0.496455 0.304561
1 0.528361 0.311123
1 0.502821 0.341192
1 0.534192 0.375033
1 0.470401 0.344095
1 0.488371 0.313264
1 0.500979 0.311877
1 0.511854 0.287288
1 0.515446 0.330094
1 0.507918 0.34384
1 0.539672 0.303701
1 0.506865 0.218904
1 0.501313 0.357275
1 0.511452 0.345654
1 0.493732 0.370873
1 0.458965 0.312187
1 0.503953 0.381079
1 0.527175 0.360242
1 0.551264 0.35011
1 0.509303 0.330944
1 0.492903 0.35818
1 0.519955 0.311801
1 0.513251 0.393811
1 0.521268 0.382764
1 0.498167 0.340826
1 0.518148 0.294866
1 0.461682 0.264945
1 0.45822 0.27163
1 0.514879 0.290341
1 0.491759 0.334837
1 0.514573 0.39226
1 0.49244 0.330554
1 0.495603 0.330032
1 0.476832 0.313181
1 0.501057 0.253697
1 0.513508 0.33977
1 0.500145 0.303153
1 0.523061 0.323178
1 0.500247 0.301696
1 0.469191 0.376595
1 0.545904 0.293251
1 0.547489 0.326215
1 0.521945 0.300306
1 0.507832 0.362306
1 0.487833 0.236174
1 0.492981 0.294776
1 0.486813 0.334155
1 0.515306 0.300135
1 0.50281 0.377336
1 0.496364 0.311144
1 0.507485 0.254632
1 0.581955 0.343909
1 0.550161 0.319922
1 0.494155 0.319558
1 0.490205 0.30612
1 0.50098 0.305886
1 0.464737 0.304622
1 0.534744 0.308581
1 0.496029 0.321985
1 0.489783 0.326741
1 0.500003 0.340313
1 0.530223 0.32971
1 0.444018 0.379575
1 0.479605 0.282779
1 0.47773 0.300853
1 0.504571 0.264301
1 0.484871 0.412386
1 0.553218 0.325777
1 0.521905 0.321894
1 0.495292 0.213817
1 0.518252 0.283451
1 0.467516 0.279992
1 0.542612 0.337059
1 0.485373 0.309495
1 0.544786 0.351023
1 0.531166 0.32537
1 0.499369 0.460121
1 0.532728 0.307963
1 0.50222 0.251181
1 0.513881 0.321548
1 0.498153 0.335665
1 0.540104 0.363518
1 0.492853 0.308449
1 0.488661 0.275981
1 0.488481 0.359769
1 0.493503 0.333441
1 0.515684 0.303185
1 0.455992 0.259239
1 0.43119 0.313075
1 0.507037 0.329012
1 0.486996 0.276127
1 0.487305 0.31622
1 0.470147 0.320616
1 0.488727 0.325154
1 0.523802 0.346253
1 0.538393 0.375771
1 0.51887 0.327344
1 0.469148 0.290798
1 0.469633 0.294412
1 0.507032 0.339426
1 0.532239 0.380358
1 0.514078 0.287259
1 0.531285 0.321225
1 0.520198 0.313916
1 0.487659 0.28042
1 0.51385 0.304246
1 0.526409 0.340398
1 0.52197 0.336418
1 0.513863 0.28681
1 0.485502 0.351242
1 0.492189 0.30389
1 0.505069 0.316569
1 0.475546 0.259188
1 0.520748 0.289935
1 0.466366 0.291496
1 0.52426 0.270113
1 0.509455 0.290295
1 0.512648 0.29283
