0 0 0
2.43236 1.48408 4.69247
3.60182 1.21532 1.45147
3.36485 1.46151 1.52631
4.30772 1.33964 2.5153
1.96734 1.21668 4.81479
4.44121 1.24526 1.82128
3.75673 1.36849 1.66425
3.77474 0.547943 2.49945
0.676003 0.554918 5.42955
4.99517 0.293498 2.69778
0.705187 1.51859 4.90232
6.09279 1.60326 1.39091
0.15411 1.55065 4.90267
4.16891 1.55866 1.56298
3.14583 1.4141 4.46589
2.75817 1.60259 3.4361
2.70993 1.73025 4.16755
2.73343 1.11047 4.94058
1.08385 0.166601 6.11981
5.33474 1.31259 1.44931
4.20837 1.23951 2.6041
5.49663 1.53901 0.934263
2.98304 1.39097 2.47544
5.7158 0.620893 6.07566
3.47447 1.5312 1.61233
3.29282 1.30389 1.5333
3.72671 0.691687 1.73103
1.79493 1.5445 4.45703
2.44369 0.803284 2.81028
1.79199 1.43146 4.68734
4.73664 1.57403 0.608075
0.0876022 1.48081 1.00392
4.10108 1.50103 1.36152
0.0495625 1.38936 4.70966
2.82398 1.57247 4.46551
5.7008 1.46735 1.55792
5.32759 1.37846 1.73848
5.99706 1.1426 5.22601
0.0932318 1.26082 4.7281
0.983167 0.573161 3.74069
4.71107 0.725527 1.59135
4.11774 1.52995 2.67086
4.90204 0.744914 2.85081
3.25378 1.29247 4.53024
2.41524 0.926297 3.67067
1.06214 1.54976 6.20274
3.30348 1.37039 4.07825
5.89909 1.54194 1.35028
6.26371 1.48003 1.51398
4.23154 1.56984 1.81968
0.101769 0.87748 5.45238
5.19302 1.53676 1.41491
6.2718 1.51022 4.80565
0.244141 1.39578 4.82656
4.97475 1.29399 1.38983
0.562105 0.489277 4.78286
5.87256 0.330444 0.377705
2.54011 1.29732 4.51688
4.54864 1.12618 3.17204
1.17468 1.23449 0.138098
1.36351 1.05781 0.105754
2.42266 0.707724 4.6681
5.95792 1.61354 0.686426
5.34582 1.4471 1.75998
5.99053 1.389 1.55364
0.533232 1.60182 5.03304
4.48061 1.46169 1.69226
3.23488 0.348249 2.43732
3.13081 0.313717 4.70998
3.4135 0.963967 3.59538
4.28872 1.37221 1.81083
1.40358 0.79122 3.35553
6.1849 1.38185 4.9158
5.62969 1.85707 0.838425
1.73021 0.568749 3.45726
6.07184 0.644755 5.71139
3.99714 1.73686 2.27525
4.65423 0.585027 1.39778
2.83537 1.3864 4.76087
3.45957 1.02364 2.13249
4.32827 1.53692 1.82299
3.11266 1.45438 1.61939
2.85936 1.62308 4.60884
4.16268 0.273085 2.17866
4.38766 1.04316 2.16797
1.18815 1.03698 0.310674
0.262026 1.37911 4.91964
0.888151 1.58288 4.74777
2.77443 1.57928 4.58323
2.06919 1.22915 5.57689
5.00922 1.5256 1.82991
0.423307 1.20635 5.57516
3.26696 1.34516 4.43632
4.53524 1.29682 0.488369
0.0973685 1.44872 1.38419
0.48599 1.37354 4.71988
4.23724 1.40937 1.65151
3.68658 1.12856 1.12162
5.84722 1.25951 5.6789
3.15962 1.42948 4.53706
5.24284 1.72481 0.348786
5.29906 0.982607 1.59831
1.43374 1.08959 5.39767
2.43529 1.7593 3.81003
4.20968 1.51255 1.68919
0.167298 1.37179 4.60842
5.61071 0.85559 2.13449
4.47854 1.54906 1.52613
0.393813 1.31434 5.67492
0.0371983 1.2215 4.69338
2.90378 1.41078 4.45978
3.40761 1.43196 1.7357
3.95347 0.384855 3.0817
2.16505 1.61998 3.41111
3.92163 0.853956 3.2157
3.47455 1.65308 1.71645
5.21715 0.640142 1.0267
2.12126 0.6515 4.10769
5.55842 1.34083 1.57603
3.33752 0.406829 2.83515
4.52905 1.46534 1.69945
5.86411 0.919249 5.32764
4.39559 1.42222 0.707836
2.0182 1.37822 5.19201
5.87076 1.78514 1.05719
3.4072 1.09872 4.24801
3.17161 1.28521 1.57601
0.194216 1.70234 4.98949
4.30283 1.70731 2.89942
6.02993 0.580013 0.303789
3.25715 0.411637 2.93839
2.63275 1.29202 5.14182
5.14119 1.16814 1.67939
0.550082 1.66284 4.91461
0.52117 1.42199 4.55965
0.798892 1.28945 0.349183
5.99958 0.844026 0.985394
2.73689 0.766024 4.49571
3.80306 0.702232 2.18166
1.8259 1.36173 4.63738
4.80271 1.41 2.66258
0.0374172 1.49307 5.06055
1.96625 1.56794 4.65797
1.44205 0.649048 5.69162
6.05937 1.53393 1.50616
0.48766 1.4759 5.87954
3.71222 1.35768 1.4703
3.68578 1.46522 1.76466
4.33088 1.57932 1.66991
1.78601 1.50314 4.56418
5.46633 1.49962 1.3007
5.57506 0.401092 6.15231
6.0946 1.13888 1.6112
3.16835 0.364483 2.19624
5.95439 0.943057 0.696655
2.82669 1.18166 4.24736
6.19533 0.747963 0.144264
3.53227 1.36156 1.56717
3.50434 1.44796 1.52384
1.39156 1.07045 5.21397
3.78333 0.131555 2.48207
2.91263 1.57478 4.60976
2.82524 1.49462 4.80448
0.51218 1.62739 4.83491
4.92867 1.48822 1.18815
3.1128 1.44237 4.59835
0.57896 1.61098 5.00295
1.27656 1.27178 4.30039
2.65216 1.54456 4.44134
0.544163 0.72889 4.59426
1.27137 1.54844 5.77069
1.9842 1.30034 4.80485
3.84757 1.22112 1.76284
1.17685 1.55727 4.69294
5.79761 1.41699 1.47779
1.61904 0.910929 4.19212
1.33156 1.00735 5.13578
0.260409 1.32515 4.64731
4.86643 1.55268 1.47971
2.75413 1.37101 4.82536
5.30207 1.34391 1.72208
3.1922 0.641773 4.27256
4.77187 0.349724 1.53908
6.04193 1.49388 1.50904
4.2653 1.24507 3.34182
0.535058 1.65203 5.57805
3.60026 1.41939 1.72044
0.45822 0.781401 0.406371
3.38013 0.548 3.5612
5.99738 1.38991 1.53551
2.04748 1.47974 4.61891
3.5166 1.26688 1.46031
1.33057 1.54288 5.96856
3.61196 1.24794 3.9746
0.213981 1.57545 4.88757
2.06282 0.763758 4.3205
0.843105 1.79541 5.43489
0.507865 1.43812 4.79118
2.29032 1.36372 4.60288
2.69182 0.900962 3.37699
6.17078 1.56155 1.37316
4.31148 1.15655 1.50372
5.44278 0.369487 0.817531
3.35023 1.39276 3.94464
0.508804 1.56175 4.96421
5.90728 1.57025 1.01403
3.97903 1.51646 1.48659
0.682752 1.51886 4.60923
0.0257925 1.55296 4.79209
2.00131 1.56667 4.56022
1.71033 1.4433 4.50714
3.24397 1.50012 1.79428
5.07791 1.46067 0.552348
0.947941 0.510736 5.1976
4.37284 1.09928 1.80711
3.53784 1.55419 1.63088
2.73129 1.60529 4.58923
5.97436 1.09926 1.78041
0.858982 1.07163 4.00481
2.73939 1.50571 4.53864
1.63924 1.36805 3.28902
1.52821 0.688135 3.59568
5.05877 1.20213 1.54596
2.50924 0.562719 2.43009
4.39588 1.35589 1.41606
3.27409 1.34868 1.61757
2.89513 1.47334 4.46941
3.40965 0.565208 2.26435
0.510345 1.33141 4.56905
0.475833 1.26885 4.70399
6.22058 1.11977 1.52073
0.250505 1.10778 4.47211
2.00198 1.28391 4.82703
3.95618 1.50147 1.75658
0.515339 1.11504 4.2842
0.25215 1.41698 5.45962
2.25972 1.25753 4.24107
6.27714 1.3165 1.23366
0.757177 1.26397 4.6227
2.24393 1.46264 4.79437
4.85845 0.945612 1.65813
3.00107 1.41855 4.52173
3.83204 1.09294 1.48873
4.43359 1.26389 1.58101
2.9774 1.30821 4.73583
1.67634 1.30415 6.00811
5.10637 1.44486 1.59379
4.74253 1.28729 1.48028
4.99087 1.35062 1.60422
5.87216 1.32041 5.53729
2.03245 1.50258 3.07001
3.55022 0.571832 3.00515
1.04441 1.74559 5.88473
4.62265 1.45112 1.31297
5.31388 1.51082 1.46761
0.157194 1.26031 1.39828
5.74334 1.14426 6.00892
3.5784 1.56476 1.84562
0.589376 1.12351 0.517378
4.99256 1.48685 1.53883
2.35087 1.67761 4.41446
3.25699 1.45089 1.90776
4.96788 0.391131 1.79286
3.49713 1.06061 2.95081
1.79261 1.00468 5.36054
5.41573 1.40418 1.41284
3.04276 1.51099 4.55351
3.37668 1.43133 1.5235
0.904054 1.68792 5.51784
5.02547 0.839081 2.69805
0.4621 1.43369 4.92289
4.8755 1.52628 1.73804
2.96054 0.920004 3.51238
4.09013 1.50498 1.80673
0.295689 1.3635 1.0497
4.33538 0.835875 3.07641
5.5314 1.29267 0.281619
5.35032 0.410608 2.09437
4.94142 1.47795 0.696914
3.209 1.37664 2.67122
0.468641 1.4155 5.59379
2.48908 1.1582 2.26124
5.53215 1.22214 1.1675
3.6188 0.245986 2.78133
3.04561 0.920616 3.06494
3.08936 0.520972 2.11436
3.51637 0.767977 4.30694
3.63729 1.17643 4.07881
4.2513 1.3791 3.18171
4.18581 1.39163 1.71343
2.92199 1.59067 4.64406
1.06475 1.22663 0.428638
4.68852 1.22895 1.74881
3.07165 1.25776 4.65173
0.98534 1.02823 3.90357
3.13869 1.21082 1.61327
4.53059 0.478357 1.38412
3.64698 0.646189 4.12858
0.981957 1.32869 0.417251
0.623842 1.17866 5.54942
0.370463 1.24763 1.15844
1.78291 1.39465 3.6527
4.79875 1.45537 0.383586
5.02545 1.16246 1.47188
3.67703 1.6048 1.75893
3.0932 1.52357 4.60779
4.63145 1.41286 0.355926
0.570289 1.68607 5.00858
5.96639 0.567607 0.614839
3.34707 1.36039 2.6249
1.35022 1.65579 5.99903
0.11614 1.30144 4.88886
5.81574 1.48188 1.58022
5.92476 1.67425 1.36559
4.59742 1.48545 1.4056
3.96915 1.45275 1.42642
0.89125 1.12516 0.478028
3.85126 0.949619 3.40301
5.89369 1.67782 1.39437
3.08282 1.46411 4.56317
2.4324 1.52837 4.67419
1.29638 1.37301 5.37981
5.61938 1.39001 1.74674
6.19193 1.48376 5.36979
6.18081 1.41029 1.60833
3.15113 1.34335 1.6012
2.72382 1.53107 4.46704
5.86619 0.121069 0.0498944
5.05244 1.60051 0.304811
4.21392 1.42016 1.51906
0.271003 1.12363 1.13678
4.68318 1.05102 0.0702188
3.87955 0.48615 2.16592
2.91945 1.48014 4.71587
4.17931 1.52744 1.73888
3.37393 1.28684 1.49154
0.83068 0.321528 5.87983
5.42744 0.915014 0.563009
5.67705 1.23628 1.48433
1.97064 1.41864 4.64027
2.64253 1.53284 4.66312
4.88321 1.46495 0.169236
2.9715 0.350077 3.47815
3.36301 1.17833 2.67309
4.62014 0.529255 2.65394
0.641443 1.60855 4.87161
5.76786 1.72495 1.07179
6.24237 1.36665 1.53915
2.57451 0.953865 3.98207
6.08609 0.821755 0.612587
3.7545 1.47893 1.76418
5.28374 1.38825 1.58351
2.09912 1.43672 4.89816
3.34661 1.33095 1.55448
0.609661 1.48623 4.81839
0.33086 0.633902 0.985879
6.0795 1.27267 1.55874
4.95142 1.35458 1.36306
2.79695 0.988196 4.47591
0.300506 1.61859 4.79867
2.79648 1.55527 4.69994
1.01566 0.566921 0.101643
2.11368 1.71788 3.47228
0.373701 1.58428 4.81407
1.66257 0.164085 4.57819
0.115299 1.36735 1.37253
4.76464 0.235605 1.64271
3.02484 1.39242 4.47789
2.9263 1.28786 4.71862
4.27902 0.849887 1.0785
1.99985 1.23356 2.95943
1.67936 1.34663 4.35513
5.65253 1.39606 1.45494
3.67285 1.34773 3.85578
3.40247 1.72871 1.92896
3.81276 1.49416 2.75849
2.67761 1.00823 2.11853
1.3505 1.37012 4.42879
5.70072 1.03536 5.94201
4.4793 0.774145 3.27543
4.87934 1.43811 1.53672
1.65449 1.35137 4.98512
5.31621 1.57911 0.408241
1.08678 0.841127 5.8208
6.10507 1.39079 4.9578
1.3388 1.42976 0.131364
2.3436 1.22695 2.98442
4.87608 1.45496 1.6227
1.1946 1.49557 4.50317
3.50881 1.53533 2.81288
5.91775 1.41335 1.60756
4.43502 1.36743 1.71779
3.69278 1.48434 1.47981
5.98063 1.43157 1.646
1.35016 0.463243 4.10197
3.22994 1.48959 4.4436
3.57326 1.12331 1.19627
6.23492 1.55913 1.38519
0.735492 1.16886 4.99389
5.54857 1.29847 5.66992
0.793792 1.52312 4.90985
4.22324 1.39242 3.26233
3.24754 1.47854 4.07836
5.82612 1.29427 1.50079
3.08434 1.57647 4.69362
2.30826 1.48959 4.75349
3.57305 1.56803 1.57117
3.83364 0.764814 1.19505
4.37544 0.621186 1.81955
5.43003 0.821617 0.986862
5.50695 1.54359 0.329192
0.496525 0.360231 0.135792
2.50222 0.81863 2.59101
5.21559 0.769162 1.86503
3.08521 1.53928 4.55423
3.51512 1.55313 1.62142
4.80583 1.32968 0.230796
4.54411 1.11539 1.06745
1.99854 1.33107 4.64929
0.0271455 1.26184 0.130652
0.50679 1.46272 4.86616
4.3464 1.47384 1.31
2.62319 0.791639 4.9955
0.513011 1.49667 4.72871
0.225118 1.45684 4.62436
5.07357 1.6217 0.184712
1.4525 1.04066 6.11305
0.943425 1.29763 4.13817
0.712052 1.45182 5.39558
5.50704 1.18538 1.12633
4.08867 1.38467 1.52716
1.28049 1.62044 5.46157
5.90419 1.47263 1.63383
4.12582 1.53265 1.80964
2.09081 1.2855 4.3816
6.2716 1.31601 4.93941
5.67223 1.61836 1.02674
5.40182 1.3797 1.48432
0.0403929 1.23952 4.69276
3.4209 1.08136 3.16374
0.0087168 1.29489 6.21001
4.16429 1.31945 2.54898
4.19043 0.323534 1.96573
5.46517 1.55557 1.48972
3.57343 1.04624 2.19798
1.78264 0.548312 3.30173
3.4785 1.34594 1.70801
0.818385 1.31546 5.78391
4.16024 1.44575 1.52327
0.878515 1.50851 4.73378
3.50702 1.16458 3.76126
5.22437 1.00808 5.83539
1.81024 1.36664 4.45539
2.91694 0.494989 2.53464
4.66565 1.37945 1.85182
3.31508 1.57251 1.71515
0.899307 1.40917 5.39148
0.163042 1.54707 4.77271
1.88385 1.3295 4.86834
0.0963304 1.22907 5.79019
4.55088 1.55619 1.68568
2.18915 1.45945 3.68681
6.27217 1.38282 1.45899
0.100309 1.48353 0.282215
1.16192 1.10035 5.4653
1.81665 1.38995 5.82721
1.76245 0.635098 3.09317
2.65053 1.82841 4.23541
0.28964 0.949406 5.42094
5.53181 1.10751 6.24189
2.25581 0.603285 5.53368
4.30957 1.05763 2.72732
2.06677 1.3817 4.97383
4.2948 1.49755 1.34428
3.13646 0.753528 4.66508
3.98151 1.26612 1.81222
0.596209 1.40489 4.96909
1.69604 1.18602 3.93831
3.22871 1.55069 2.00664
5.04844 1.33078 1.56916
1.31977 1.56509 4.75173
2.25789 0.773287 3.45629
5.58664 1.21383 1.09325
0.568499 1.32308 4.94854
1.07829 1.14533 4.28287
3.27628 1.29143 1.7666
0.695878 0.206825 5.55833
5.76157 1.74351 1.11047
1.16898 1.57078 4.83214
4.08407 0.460036 1.76674
3.98896 0.914013 2.82435
3.9297 1.30827 1.55295
5.30654 1.54849 1.55353
4.64576 1.53277 1.70348
0.443792 0.774018 5.77019
1.38498 0.874292 3.38512
0.357141 1.29619 0.481439
2.94115 0.506917 2.40674
2.07616 1.06662 4.57878
4.73546 0.459073 1.76554
0.844276 1.52952 6.22691
0.712638 1.52467 4.76717
1.07071 1.53622 5.97892
2.76854 1.5519 4.10167
2.07586 0.946297 5.6618
6.20759 1.20022 1.62191
0.54161 1.17364 4.80427
2.43449 1.5733 4.59761
6.06662 0.679307 0.535657
4.08895 1.70773 2.01431
5.66296 1.6174 1.33321
1.77153 1.58289 4.54581
0.951169 0.646486 5.99266
4.28269 1.49722 1.47161
2.05041 1.51913 4.66518
5.89227 1.35923 5.70667
0.187962 1.42868 4.8755
1.95977 1.40542 4.83403
0.579876 1.17941 0.828346
3.12585 0.772954 3.01825
1.43033 1.47286 3.59527
3.17562 1.50367 4.45569
5.1043 1.51414 6.25646
0.293029 1.37201 4.50557
2.72149 1.43195 4.68639
4.41847 1.36971 1.62475
6.16707 1.26067 6.25429
1.24917 1.16644 5.85205
6.12627 1.45108 1.6308
2.73669 0.578403 4.86346
6.26272 1.39766 4.96602
3.00619 1.45883 4.34443
2.88448 1.67809 4.37149
1.91194 1.11483 3.4584
6.07274 1.43301 1.69523
1.28104 1.44791 0.102642
0.590957 1.5033 4.73179
2.97424 1.50327 4.65084
1.76377 1.02048 5.41494
2.01823 0.954662 5.02794
1.7463 1.4264 4.78117
3.47977 1.53006 1.79353
5.33988 1.22714 0.863391
1.38939 1.15619 4.37348
6.23653 1.42555 5.05605
0.939533 1.41736 4.39591
5.63814 0.927351 1.73538
2.23104 1.48298 4.84584
4.71748 1.5341 1.60733
5.85673 1.52495 1.34071
5.12709 1.61636 0.18455
2.62158 1.8418 4.17653
5.49144 1.48541 1.53646
4.79566 1.51928 0.652717
3.10519 1.2426 4.5583
3.00989 0.448008 2.77927
3.5405 1.57126 1.58263
5.30602 1.41396 1.35709
4.81356 1.55538 1.64952
5.92293 1.55229 1.51649
0.978038 0.151979 4.3703
3.9335 0.752011 3.37267
1.89377 0.146566 4.67959
4.01167 1.59198 2.47361
2.04184 1.35979 5.43164
2.24012 0.753757 5.05017
4.283 1.37735 1.37083
0.157767 1.06226 5.11058
2.28506 1.4226 3.6365
3.31098 1.60188 1.70967
5.66703 0.911569 2.0016
3.67731 1.58708 1.64877
1.00559 1.69716 5.82171
3.23158 1.41479 1.82534
2.92578 1.4645 4.55262
5.29521 1.08216 0.563588
0.558411 0.903876 0.907304
2.25049 0.535627 2.8689
3.15886 1.44794 1.63306
3.73396 1.2191 1.20705
1.62666 1.47516 4.55563
5.41031 1.47915 1.59234
1.98067 0.390588 3.83276
3.68674 1.61365 1.85141
0.216502 0.775508 5.50359
3.7936 1.30117 3.80813
4.10252 1.37046 1.65529
6.12199 1.51586 1.41147
3.15077 1.34689 1.68127
2.17543 0.19948 3.78253
4.791 1.47721 1.68345
2.873 1.10389 2.65601
3.67123 0.220323 2.552
3.4571 0.603622 4.15741
0.0289822 1.5191 4.71467
2.26845 1.13159 4.92646
5.49013 1.06073 1.89921
3.94251 0.713776 1.44133
2.01686 1.23009 4.84047
0.0770178 0.987917 1.32161
1.18863 1.00196 5.17585
0.754616 1.25455 4.50732
5.51454 1.34415 1.44636
1.01413 1.06059 5.42527
0.914454 1.53256 4.68005
0.0673378 1.17602 5.38429
4.0198 0.641144 2.49649
0.331984 1.53781 4.86911
3.26599 0.698424 1.5186
2.06556 1.57183 3.42685
0.51474 1.64844 5.06286
3.1043 1.50485 3.04296
4.88679 0.279514 1.3041
4.53261 1.48737 1.57485
2.88562 1.25179 4.7736
4.99656 1.60319 1.29135
5.42002 0.182571 0.0155503
4.66539 0.540014 1.10417
1.29423 1.32873 3.89894
0.95294 0.947931 4.7415
0.862809 0.212885 4.16095
2.92779 1.52191 4.00592
4.87898 1.38919 1.99488
3.28198 1.49592 1.51672
4.62247 1.49834 2.79347
1.24732 1.55658 5.66179
4.21344 1.55051 1.70433
5.87962 1.51803 1.33527
2.07269 1.30501 3.09596
4.38348 1.29334 2.18289
5.09949 1.39261 1.5038
5.39451 0.899022 6.0096
2.62384 1.43131 3.18255
3.41917 1.32537 1.60127
1.32666 1.61202 5.91048
2.76304 1.49142 4.31083
1.61135 1.23677 3.32745
0.912557 1.50148 4.60215
0.430283 1.11345 0.525095
3.01365 1.55877 4.63511
3.11899 1.46673 1.70849
2.61355 0.994282 4.50102
5.13057 1.22193 1.49785
3.32107 1.6917 1.72445
5.66744 0.915188 1.91635
2.01337 1.24045 2.83464
4.76555 1.3951 1.5528
5.38943 0.476757 0.903505
1.89514 0.411146 3.23468
6.15628 1.34513 1.56775
1.84563 0.945165 5.92068
5.53314 0.801826 0.551216
3.34458 1.58485 1.71424
1.87561 1.47826 4.84609
4.10498 0.734012 1.44557
4.43139 1.53991 1.40134
4.24655 0.0479632 1.81562
0.571123 1.62953 5.01237
5.31966 1.38532 1.6219
0.251718 1.56781 4.86142
2.80557 0.956704 2.4413
1.39271 1.06743 3.58509
5.85665 1.23403 5.3221
0.247702 1.48144 5.0082
3.65096 1.23061 3.8861
0.814054 1.41064 4.80111
1.69331 1.10957 4.92226
1.42705 1.4549 6.20403
5.18209 1.50908 1.55692
1.266 1.75608 5.95394
4.14039 0.855837 2.02827
4.11435 1.44578 1.60939
2.91562 1.69692 4.30734
1.75442 1.05689 4.20271
1.75718 1.6787 3.51206
0.547932 1.20246 5.34826
3.31367 1.50744 1.8466
5.68926 1.49652 1.35463
4.96822 1.03308 0.280404
5.83612 0.213251 0.37305
1.28391 1.58989 5.78808
5.80545 1.2521 1.48637
0.207564 1.59187 4.91227
3.54665 1.27042 1.46405
1.06821 1.10145 4.63883
3.66883 1.72036 2.33658
0.737536 1.64671 4.93821
0.391104 0.792266 4.88067
2.71985 0.916467 4.36808
3.00558 1.40337 4.59924
4.03862 1.15626 1.27782
3.82207 1.16959 4.00038
0.452855 1.34041 4.5885
0.732967 1.62124 5.23121
4.54235 1.49935 1.57919
4.88964 1.38293 1.63313
2.74123 1.68536 4.24325
4.04377 1.09219 2.19597
4.57943 1.28213 3.21019
3.34197 1.59418 1.66666
0.653421 1.68801 5.83391
6.13947 1.08132 6.27808
2.53589 1.15258 2.22098
5.92037 0.952603 1.9245
3.82585 1.3865 1.78896
4.6252 1.58321 3.08724
2.89876 1.52836 4.62718
3.30164 1.43231 1.92863
3.73013 1.60145 2.78693
2.57154 1.51024 4.61976
0.16195 1.3258 1.37953
0.669245 1.41493 4.59886
3.3636 1.13583 3.73817
2.56123 1.59006 3.90155
4.68394 1.0963 1.55797
5.08369 1.12137 2.50722
5.03556 1.55942 1.59491
3.01715 1.10624 2.26617
5.19247 0.682312 6.0407
1.95437 1.32291 5.76378
2.4987 1.66953 4.18387
2.45999 1.70637 3.82685
0.248225 1.34723 4.6497
3.71907 1.39181 1.57705
5.13323 1.45071 1.62789
5.19104 0.880917 1.31235
3.21227 0.31126 2.85143
4.82541 1.41972 1.75135
5.64217 1.28701 1.53147
6.27456 1.38424 5.01407
3.28666 0.146725 1.53409
4.10454 1.4342 2.05993
3.10572 1.43878 4.72786
0.0445028 1.55446 4.85868
0.859879 0.95734 3.87499
2.2171 1.20194 4.67543
5.80302 1.57285 1.50171
4.37231 1.38508 1.65879
3.91853 1.11576 0.815297
3.55559 1.35977 1.623
1.63434 0.325801 3.95373
3.64254 0.424193 3.30882
5.35052 1.36083 1.30758
1.40098 1.04088 4.89455
5.20277 1.08594 1.60117
5.46809 1.43975 1.43877
1.45041 1.29382 3.4002
5.95609 1.33448 5.93278
1.61007 1.22491 4.87208
3.58962 0.671911 1.38437
3.87993 0.519793 3.10889
0.255089 1.50787 4.79222
4.36703 1.70653 2.85794
2.6238 1.44078 4.90435
1.62485 1.30709 3.5621
5.74257 1.59154 1.22711
1.51962 0.971702 3.23732
1.99616 0.595062 2.83717
6.21755 0.887051 1.32786
1.59263 0.998694 3.77233
3.61107 1.00627 1.19697
6.02481 1.28851 1.48539
3.18989 0.725035 1.99636
3.28381 1.3006 1.70555
1.09963 1.61909 5.25027
3.92861 0.739291 0.798769
0.828295 1.1579 4.63504
5.91227 0.8994 5.42658
3.04651 1.39281 4.61971
3.21156 1.46125 4.52968
4.15295 1.27017 1.32207
2.86175 1.56731 4.50132
0.606308 1.5392 4.71719
0.646936 1.49247 4.72428
2.23743 1.25299 2.89174
3.18945 0.836514 2.06922
2.16424 1.19475 5.22918
3.17499 1.54811 1.67134
6.00143 0.677178 5.37393
5.72969 1.26356 1.66221
5.23399 1.23116 1.46316
6.27818 1.55597 1.57294
3.30427 1.42144 4.54571
1.49101 1.03715 3.27812
4.62913 1.52988 1.77755
2.65201 1.27006 3.44336
1.10826 1.27768 5.77599
3.03963 1.57044 4.36919
1.2304 1.2933 5.2436
6.16295 1.21561 4.88871
3.26715 1.52503 1.68546
0.228397 1.44313 4.5698
4.12954 1.41548 1.42837
5.86487 1.23247 5.1773
4.43472 1.30492 0.316163
3.42838 1.48826 1.61244
0.314329 1.32623 5.45697
3.11871 1.52315 4.44074
0.240596 1.56594 4.92845
1.29177 1.04076 0.203726
2.22957 1.70438 3.59577
1.32433 1.57397 5.41606
2.12685 1.02044 4.25041
4.70793 1.48277 1.44082
2.01034 1.31688 4.704
5.96221 1.53778 1.5761
5.64491 1.58391 1.51824
0.048551 1.39515 5.86973
2.88669 1.71286 4.24375
0.991239 1.56773 4.78738
2.5581 1.40457 4.94404
0.862827 1.33303 4.22082
2.2618 1.51638 3.72643
5.84457 1.53407 1.55093
0.978074 1.56013 5.90756
2.99246 0.661344 4.60459
6.04149 0.866381 1.80756
4.82855 1.51059 1.53936
5.91272 0.367453 5.30523
3.73256 0.989458 3.14447
5.67067 1.2 1.22233
5.70331 1.55009 1.32941
2.31446 1.52848 4.66239
4.85612 1.37148 1.61065
4.01989 1.1268 0.748754
2.89286 1.70519 4.496
4.87987 0.485982 0.0190711
0.610728 1.55226 4.73281
4.96944 1.47357 1.63777
5.0569 0.690756 6.11066
0.512696 1.38423 6.27988
5.00611 1.36938 1.35023
5.67359 0.277578 0.368773
5.52985 1.50605 1.56024
2.90653 1.61171 4.54029
5.61129 1.69845 0.542204
5.03337 0.888975 0.948649
0.19486 1.6985 4.91946
5.32985 1.481 1.47029
1.62723 1.19748 5.94885
3.48256 1.41182 1.46267
2.55011 0.491937 3.76117
2.81055 1.50251 4.73278
0.978568 1.20946 0.277248
5.14643 1.36487 1.61283
5.11243 1.29039 0.0558618
2.53358 0.828833 4.16057
5.12842 0.355427 0.71259
4.75364 1.07027 1.40538
2.23203 1.19936 5.41296
3.15897 1.32173 1.88686
4.98391 0.268549 1.05191
5.83953 1.70565 1.13622
2.93248 1.50838 4.57907
5.69527 1.2541 1.67795
6.24329 1.56295 0.308908
2.11642 1.48011 4.69113
3.74804 1.52631 1.59744
3.33579 1.1473 1.47413
0.614714 1.44103 4.59684
4.42641 1.4166 1.57562
3.27656 1.38518 4.49321
3.99969 1.01867 1.66235
5.49739 1.12393 6.12891
5.54149 0.627719 6.27823
5.14501 1.54154 0.107319
2.49869 1.21514 5.02769
0.996567 1.03443 4.18729
5.29462 0.174654 1.03121
5.85878 1.71846 1.23704
2.87993 1.57054 4.65989
5.43103 0.353372 2.06395
6.14974 1.1907 1.61218
1.37608 1.56184 5.71384
0.176255 1.05205 0.597655
6.18912 0.91896 4.86579
1.01413 1.55149 5.8468
2.77431 1.37558 2.29626
6.06671 1.26888 1.42245
5.80432 1.24281 5.23803
5.25405 1.17721 1.07334
2.51589 1.83586 4.1413
5.3708 1.49577 1.7847
4.12218 1.48274 1.47515
1.99399 1.70261 3.9469
2.50802 1.40164 4.94303
4.14907 1.32291 1.41193
0.0311888 1.45949 4.75439
6.03562 1.61508 1.34991
5.89852 1.45374 1.60575
4.9993 1.36082 2.28753
3.22595 1.48804 1.67551
6.15268 0.52565 0.684316
5.27368 1.23639 0.876218
2.63736 0.460342 5.09388
4.98143 1.2196 0.44028
3.23639 1.36658 4.47356
4.3663 0.754324 1.90543
2.76445 1.47379 4.69291
1.98908 1.50896 4.63201
4.78656 1.42572 1.79305
5.10037 0.948432 6.01021
2.13547 1.39154 4.81911
2.63278 1.15773 4.32115
5.56407 1.53116 1.62229
5.83001 1.34851 1.47673
3.27631 1.50089 1.65211
3.97389 1.18383 2.91277
1.27191 1.36495 5.14045
6.19758 1.25461 1.55118
0.276597 1.54567 4.79139
3.49903 1.62435 1.69199
5.42883 1.25334 1.61744
6.23789 0.797524 5.949
4.96301 1.09429 6.14493
2.07394 1.57378 3.24753
5.5009 1.41472 1.70994
0.643345 1.24969 4.78242
5.76135 1.31418 1.48108
4.2249 1.10178 2.831
1.92371 1.53005 4.69559
0.349369 0.948517 4.69269
4.027 1.27645 3.08039
2.35623 0.780578 4.49554
0.150098 0.531074 5.66497
5.5512 1.44258 1.39589
6.26933 1.37321 1.36608
5.07957 1.13376 1.62619
4.54243 1.39731 2.896
0.38432 0.765696 4.38308
5.35919 0.889301 6.08242
6.27776 1.45571 4.98886
3.52407 1.07074 1.87093
4.49833 1.53451 1.31788
3.12197 1.5104 4.63707
1.53894 1.58541 5.99425
3.27492 1.56124 1.64225
5.80083 1.41365 1.37947
2.23729 1.46153 4.89369
0.305319 1.41667 4.68253
5.62337 1.36798 1.61801
0.734167 0.613717 6.23035
1.97548 1.30647 4.65941
3.17348 1.47855 4.61726
3.94334 1.27245 2.82206
3.70095 0.67566 3.93603
4.83152 1.5948 0.57577
4.08384 1.15976 1.15318
3.28022 1.62045 1.73931
3.21208 1.31888 1.54968
0.539411 1.30279 4.67079
2.28005 1.51475 4.79813
5.46456 1.56674 1.49924
5.40398 1.66677 0.547351
0.314376 0.715171 5.75532
2.25187 1.07444 5.52528
4.31816 1.49457 1.61544
3.39981 1.4737 1.48772
6.04914 1.46388 1.45048
0.13917 0.0320034 5.62097
0.907089 1.12937 5.44033
4.29257 1.16491 3.56121
5.03899 1.5224 0.911355
5.00405 1.24152 2.5666
1.81783 1.38957 5.31061
3.66439 0.517797 1.23425
2.93773 1.45538 4.57061
2.76051 1.54123 4.56811
1.82487 0.875596 4.68343
5.47366 1.66099 1.03051
3.76282 1.08198 2.17707
3.4941 1.54572 2.78023
2.98062 0.960493 2.90676
2.89229 0.441766 2.291
1.87078 1.54352 4.87022
5.85153 1.33515 1.54763
1.17395 0.803281 4.6343
2.27193 1.25134 2.59338
3.97596 1.07615 0.970312
2.95621 1.62148 4.50507
1.99214 1.43292 4.40235
0.0911609 1.42923 0.0653224
2.24621 1.05719 5.46646
0.336684 0.881714 5.06346
0.677476 1.66782 4.94634
3.47906 1.55551 1.55259
4.89718 1.41868 1.56046
4.07364 1.30106 2.48224
6.27791 1.48223 1.35294
1.78159 1.48738 4.92902
0.349096 1.44684 4.98029
3.07084 0.770768 3.21855
0.469542 1.64776 4.89354
6.08923 1.56068 1.48419
2.82059 1.61089 4.6378
4.79018 0.870703 2.03965
1.60287 1.33816 4.96078
3.69778 0.712288 2.7899
4.05645 1.56665 1.64781
4.51436 1.29924 1.01595
5.9902 1.60039 1.51076
4.92874 1.62753 0.829662
2.38191 1.03873 5.26719
4.09512 1.62097 1.79281
0.727929 0.366166 6.00342
5.03963 1.58102 1.49685
1.71361 1.56409 4.76372
2.37729 1.68609 3.97253
3.78673 0.81284 2.61456
1.17873 1.56423 6.18736
6.20384 1.39009 1.44519
2.7315 1.5781 4.69841
1.8679 1.38332 4.76938
4.30546 0.231348 1.98358
4.77682 1.38992 1.78062
4.45391 1.54846 1.42659
3.68155 1.46454 1.48562
4.2372 0.166992 2.57681
1.51499 1.54457 6.16963
4.33527 0.237436 1.97654
4.49281 1.30201 2.684
0.400061 1.37923 4.45816
5.86089 0.174968 0.448436
2.7805 1.50013 4.54437
5.72215 0.819601 1.50671
4.44013 1.49643 2.94017
3.41739 0.799349 3.93396
4.83017 0.249619 1.35537
3.55869 1.46645 1.84741
3.39762 1.55773 1.85292
3.98017 1.71185 2.45215
3.58442 1.31774 1.809
2.47808 0.623882 3.51128
2.77 1.2399 5.06509
5.19105 1.52681 1.22112
5.95025 1.61591 1.43876
5.5939 1.25838 1.53422
3.04235 0.918288 1.95842
4.18735 1.26197 1.55934
4.01521 1.4112 1.52
0.226698 1.44454 4.62245
1.01753 0.659866 3.69886
1.10939 0.89202 3.61677
1.13881 1.48624 5.91919
5.8243 1.42737 1.34267
2.93893 1.52295 4.43526
3.67774 1.701 1.85847
4.95419 1.27293 1.07073
6.00157 1.38713 1.37338
6.22691 1.47862 1.47303
3.01709 0.795125 4.35461
4.27634 0.431486 2.7333
4.0823 1.36487 1.59313
6.18104 1.56466 1.37104
4.92335 1.53334 1.71456
2.07284 1.52255 4.75408
2.54927 0.817596 2.40384
1.9694 0.843357 3.27786
6.21782 1.1559 4.78987
3.16654 1.20556 1.59263
2.48973 1.45477 4.86697
0.303326 1.56311 5.03349
3.23059 1.43222 4.26651
0.560349 1.20636 0.927849
1.67242 1.13125 5.4063
0.137436 0.857194 5.74161
6.22198 0.959016 4.96335
2.52236 1.35542 5.01608
3.79473 1.54118 2.04716
3.13349 0.761467 3.90484
5.50527 1.43541 1.82314
3.77016 1.68872 2.28223
0.639589 0.955834 5.51844
4.98724 1.60068 1.24077
2.23924 1.27583 2.69526
5.34838 1.59325 1.45533
5.9365 1.38471 1.53381
5.1445 0.497595 1.08008
2.17485 1.25905 4.50598
3.0515 1.25655 2.71258
4.97366 1.5182 1.87016
5.23668 1.59086 1.05867
5.74073 1.1903 1.39191
0.663882 0.788269 4.88935
4.20702 1.39451 1.46301
1.19144 0.772715 4.03331
0.131907 1.49094 4.93406
6.25752 1.42616 5.18062
1.10159 1.58383 5.96473
5.9045 1.52479 1.50026
5.27743 1.24935 1.59442
1.10839 0.109872 5.31941
0.263755 1.46654 0.566055
4.09001 1.42037 1.76089
3.48401 1.53965 2.96257
2.13306 1.23583 4.59519
3.26227 0.752322 4.03341
4.79012 1.51248 1.64553
2.38014 1.71236 3.5876
3.91084 0.79081 3.49807
4.45064 0.770105 0.738139
5.61411 1.43668 1.67196
0.815315 0.824413 5.15339
3.33292 1.38815 4.30673
4.58234 1.13237 0.332695
2.47269 1.67317 4.46403
4.28614 1.02374 1.52728
1.99752 1.13217 3.37861
3.79408 1.05056 0.984603
4.7718 1.5071 1.74461
3.13692 1.48252 1.63017
3.93296 1.12757 1.57408
5.04474 1.54588 1.50797
2.1191 1.43486 4.47556
0.31943 1.32475 4.6617
1.77204 1.05909 3.19309
5.44713 1.35699 1.68176
4.39678 1.24095 1.70133
3.85204 1.54905 1.68841
4.62288 1.20976 1.55837
0.731404 0.913305 5.72998
1.40841 0.733504 6.28084
6.09976 1.45574 1.42743
1.67384 0.213975 3.1184
3.16739 0.257908 3.13504
3.80353 1.45837 1.71137
4.11326 0.879323 0.822567
2.97944 1.36385 2.81938
6.18088 0.983271 1.48305
6.0925 1.25829 4.95574
5.2824 1.54474 0.82236
0.160128 1.4338 4.58187
2.24563 1.5793 4.45485
2.99948 1.17772 4.63434
0.299382 1.5886 4.94111
3.84572 1.53813 1.72212
4.40704 0.990982 0.776486
5.94609 1.36885 1.58973
0.20715 1.19227 6.08463
3.1803 1.45514 4.52053
1.73397 1.3428 4.7621
0.295845 1.67562 5.33496
5.93841 1.26748 1.3679
3.28948 1.2172 2.14012
3.86883 0.509208 1.04254
5.29939 0.629822 1.47709
5.07354 0.467996 1.98243
0.332109 1.30856 4.85019
6.11238 0.93861 0.129537
4.72986 0.687418 6.26893
3.38572 0.446792 2.8455
6.22268 1.29251 1.54864
5.5858 1.53808 1.26687
2.71932 1.38275 4.93764
2.59183 0.262785 4.90834
0.312086 1.71575 4.97372
4.82719 1.34865 2.7039
4.88938 0.674092 1.79147
5.79142 1.74777 1.2567
5.29098 1.62587 0.21173
1.00005 1.59412 4.93808
3.07305 1.19964 1.73451
0.663495 1.42124 4.7567
4.72116 1.52715 1.47236
0.252036 1.40787 4.59021
4.52069 0.528916 0.457527
0.0626049 1.45659 4.75806
4.17305 1.38933 1.54031
2.7844 1.53837 4.61063
5.84286 1.66882 1.38249
3.07574 1.52003 4.6132
4.4251 1.30193 1.43697
0.176131 1.25921 4.85551
2.62681 0.783706 2.63623
2.33347 1.59123 4.59831
3.45094 1.49765 3.17443
0.814028 1.46887 4.67091
3.5095 1.34309 1.61289
3.14288 1.54748 4.70381
4.06996 1.11656 1.90523
2.1495 0.587746 5.6682
3.16348 1.06794 4.55682
5.61247 1.45698 1.42885
2.08734 0.96441 2.80898
1.53117 1.49833 4.66172
0.490287 1.5263 4.76237
1.79149 1.34016 4.59923
4.10796 1.51948 1.91537
2.29179 0.719801 3.25121
4.45792 1.43432 1.44815
2.5362 1.08021 2.59265
3.07048 1.05432 4.38684
3.95542 1.4878 1.79198
5.32443 0.486982 0.557979
0.485824 0.430122 5.22801
4.36729 1.50981 1.34146
4.17622 1.35717 1.69465
3.43956 1.39233 1.41833
6.24505 1.2836 1.46442
5.44979 1.25705 1.365
2.04225 1.53697 4.48654
2.17482 1.48047 4.83991
3.8226 0.385715 3.41059
4.30617 1.42337 1.43097
1.84661 1.59816 4.33
0.0839445 1.48166 4.73515
5.83545 1.4377 1.29383
3.37354 1.11273 1.43232
4.88645 1.19585 0.270515
3.48811 0.724503 3.16771
4.91804 1.21491 0.423817
5.33942 0.508748 0.172175
2.60493 1.53805 4.5111
2.91939 0.652133 3.20511
3.08675 1.49969 4.71886
0.954269 1.36587 4.29108
3.93341 1.4673 1.6642
6.0502 1.63973 1.31248
0.819211 0.803264 4.05181
0.473855 0.673505 0.816938
2.48524 1.20436 2.47123
1.03864 1.54483 4.78069
1.85408 1.39738 4.57057
3.52525 0.527637 3.42061
3.15302 1.51311 1.60898
3.93256 1.46421 1.5363
4.09064 0.896343 1.74985
4.55408 0.939854 2.55753
5.42076 0.720848 2.03559
0.712369 1.24416 4.79226
3.90429 1.23193 2.53839
1.28759 1.08871 0.219847
6.27452 1.41949 5.11094
3.0157 1.43758 4.64424
1.90355 1.25441 2.88755
2.92513 1.47196 4.58025
4.16577 1.26288 1.43679
1.70891 1.35472 4.56913
2.92726 1.10074 4.83229
2.015 0.828712 4.31484
4.7423 1.45966 1.36076
2.45013 1.05598 4.75249
0.0743997 1.61286 4.89249
2.53139 1.09859 5.17314
2.80059 1.51845 4.66436
6.1382 1.42893 1.48631
1.40784 1.07772 3.5623
3.93585 1.25048 1.68349
4.99248 0.850959 2.84384
2.63602 1.58447 4.27301
5.39475 1.51607 0.0128151
5.62871 1.2822 1.51194
4.08056 1.5146 2.81037
3.56172 0.658398 3.22805
0.619783 1.40394 5.41434
5.13157 1.22227 1.1351
6.17785 0.627364 5.19393
2.0292 1.10849 2.72695
3.33064 1.64987 1.85022
3.2568 1.4107 1.5198
1.4878 1.54565 5.62053
5.78117 1.74217 1.02851
3.94703 1.385 1.42305
3.95183 1.44155 1.32624
2.62005 1.37975 4.67845
5.20248 1.3625 1.10835
1.78843 0.882489 4.64411
0.988712 1.24153 0.274247
0.915028 0.694207 5.3824
0.832623 1.12245 3.93714
0.679326 1.49565 0.191633
5.99886 0.449057 1.42264
4.51168 0.878709 0.379163
4.27754 1.45674 2.57141
3.57065 1.35414 1.34905
6.14423 0.949816 0.39083
4.20112 0.945865 2.09683
4.14011 1.38537 1.72521
3.00177 1.5781 4.56248
2.10341 1.47311 3.3049
6.2384 1.14188 5.76578
5.30659 1.02692 2.39739
6.1369 0.719005 6.18554
0.0283589 0.73932 0.594951
2.54326 1.07016 2.21801
5.22396 1.76325 0.79276
2.16274 1.56651 4.54299
0.427501 0.0995613 5.91944
1.24686 1.20178 3.55374
4.48666 0.512726 2.78136
5.89189 1.16581 0.505376
2.64416 1.45359 4.69514
4.3017 1.43598 3.13311
6.10906 1.28253 1.73262
2.19675 1.37806 4.78162
3.29895 1.31873 1.55509
1.61104 1.24102 4.68625
2.97983 1.48068 4.45782
3.72347 1.19936 3.00946
4.38243 1.35472 1.39026
2.52539 1.23073 3.92054
2.19814 1.0044 3.02895
4.07717 1.48403 1.50995
3.7003 1.44997 1.74505
6.22541 0.192496 0.470671
3.02313 1.25474 2.49702
4.79107 1.43105 0.665301
2.93063 1.2401 4.66423
5.50623 1.40701 1.34146
2.84978 1.15454 2.14755
5.27237 1.72004 0.440648
0.748082 1.04703 5.0914
0.554952 1.22805 1.00199
0.0453644 1.45399 4.85157
0.615856 1.3928 0.428324
3.89573 1.34251 1.75114
4.66017 1.35953 1.42957
2.07022 1.36032 5.05311
4.31385 0.615174 2.80291
0.851255 0.797796 4.9401
6.11686 1.02305 6.15684
