0 0 0
114.863 173.393 76.9368
114.7 77.5 195.3
15.5 46.5 89.9
77.5 3.1 21.7
139.5 3.1 40.3
114.7 34.1 83.7
133.3 170.5 71.3
62.3705 122.56 35.4299
142.368 90.1072 139.086
133.137 41.2008 84.8278
51.2297 35.9273 141.615
25.8752 185.148 4.65487
114.7 108.5 52.7
66.0312 185.527 8.14457
46.5 9.3 170.5
15.5 189.1 120.9
9.99768 32.8038 191.042
93.3264 22.0402 158.797
158.1 77.5 96.1
58.9 139.5 176.7
34.1 114.7 65.1
46.5 52.7 27.9
164.3 58.9 170.5
102.3 3.1 114.7
94.5219 145.858 74.9911
73.8621 11.403 126.203
151.9 102.3 96.1
153.879 143.201 3.1
134.435 161.477 138.965
114.7 77.5 108.5
162.201 167.725 73.8014
15.5 3.1 34.1
120.353 62.3666 44.6407
13.1146 125.142 195.337
22.9009 21.9836 160.926
100.488 103.707 138.115
65.3252 123.159 195.171
163.252 131.819 47.7584
58.9 65.1 151.9
20.4943 44.5179 14.3381
9.3 102.3 21.7
116.328 44.5904 60.0318
158.1 21.7 89.9
13.8874 51.1279 62.8508
27.9 145.7 21.7
100.954 75.7213 174.71
89.9 58.9 89.9
137.305 100.926 7.37582
158.1 145.7 65.1
24.9347 43.5182 36.3904
46.5 127.1 182.9
189.1 189.1 40.3
26.9518 51.7667 188.878
151.9 46.5 114.7
9.3 83.7 15.5
15.5 21.7 34.1
114.7 158.1 182.9
176.7 34.1 182.9
127.1 52.7 52.7
40.3 176.7 120.9
15.5 145.7 102.3
142.193 52.6169 12.4348
102.02 45.6883 125.3
46.5 120.9 46.5
87.1568 50.7967 16.6497
176.7 182.9 46.5
127.1 195.3 139.5
189.1 170.5 133.3
9.3 71.3 102.3
15.5 158.1 3.1
153.978 83.4821 48.1588
27.9 58.9 182.9
96.1 34.1 176.7
120.9 65.1 34.1
3.1 65.1 58.9
41.3003 169.294 87.6681
83.7 83.7 133.3
195.3 182.9 120.9
96.1 108.5 89.9
158.1 195.3 27.9
189.1 71.3 89.9
83.7 77.5 9.3
136.282 168.709 129.028
139.5 58.9 139.5
164.3 40.3 89.9
60.5766 133.181 45.1407
133.3 151.9 34.1
158.006 42.9585 99.2311
46.5 77.5 120.9
127.1 114.7 40.3
58.9 127.1 27.9
189.1 89.9 133.3
52.7 65.1 71.3
15.5 145.7 3.1
149.508 171.995 77.0618
129.601 76.6271 114.918
65.1 52.7 46.5
6.51203 189.404 19.7091
102.3 9.3 46.5
108.5 96.1 83.7
102.3 9.3 21.7
120.9 71.3 96.1
27.9 133.3 65.1
100.575 0.862744 107.396
46.5 195.3 189.1
140.441 66.0894 0.0736349
96.1 96.1 77.5
9.3 16.4547 14.6375
17.2727 13.6921 9.19649
9.3 139.5 71.3
160.957 69.8839 197.242
133.3 21.7 145.7
102.3 96.1 127.1
83.7 170.5 114.7
77.5 176.7 108.5
135.32 68.1397 119.922
65.1 21.7 83.7
71.3 108.5 164.3
21.7 151.9 182.9
133.3 114.7 77.5
95.259 104.4 142.836
126.678 90.5139 90.02
114.755 107.802 18.4957
164.3 52.7 77.5
139.5 139.5 46.5
139.21 36.4043 96.7157
172.301 3.65469 119.966
108.5 96.1 158.1
94.1718 158.447 194.373
102.3 151.9 145.7
3.1 108.5 27.9
15.5 34.1 77.5
170.5 58.9 158.1
40.3 52.7 139.5
164.3 52.7 102.3
99.1768 170.521 30.6693
163.743 75.6266 109.957
164.3 108.5 15.5
83.7 189.1 15.5
182.9 65.1 127.1
96.1 108.5 120.9
100.261 153.746 138.204
182.9 145.7 71.3
172.15 184.359 10.7857
176.7 65.1 151.9
195.3 71.3 139.5
77.5 34.1 151.9
34.1 9.3 21.7
127.1 52.7 46.5
21.7 3.1 89.9
183.177 76.3782 88.6746
49.8715 191.781 188.831
176.7 145.7 3.1
102.3 46.5 164.3
46.5 195.3 120.9
164.687 97.6603 85.3341
127.1 195.3 120.9
165.77 93.026 136.734
3.1 58.9 151.9
45.5591 12.8159 64.5721
60.8868 17.6701 31.0772
77.5 176.7 158.1
30.7414 156.344 131.459
151.406 144.288 52.4106
133.915 139.399 9.3
58.9 102.3 71.3
15.5 133.3 145.7
58.9 71.3 120.9
133.3 52.7 34.1
77.5 195.3 46.5
189.1 133.3 52.7
41.0958 138.746 137.913
189.1 71.3 9.3
34.1 182.9 120.9
120.9 27.9 77.5
108.5 158.1 120.9
76.7996 172.769 114.935
89.9 77.5 108.5
151.9 96.1 108.5
9.3 77.5 164.3
197.55 88.4361 163.488
71.1696 100.805 77.8931
108.5 27.9 96.1
176.7 151.9 46.5
106.203 73.6612 86.1586
170.5 114.7 139.5
133.327 13.4164 23.4155
170.5 120.9 27.9
195.3 3.1 52.7
158.1 3.1 21.7
3.1 65.1 133.3
105.169 188.851 171.528
102.3 15.5 102.3
180.81 10.6683 99.0048
16.5647 126.85 181.015
86.7091 138.935 148.19
52.7 114.7 83.7
25.671 102.001 23.3691
27.9 9.3 71.3
47.4285 95.1829 98.952
164.3 27.9 133.3
68.5029 128.831 27.9337
14.184 45.4663 9.64546
169.11 147.104 42.7278
183.979 51.3855 138.961
123.955 78.7777 78.6912
21.7 182.9 170.5
96.1 27.9 133.3
180.169 183.559 132.848
102.3 52.7 145.7
170.5 65.1 52.7
151.9 27.9 96.1
40.3 120.9 189.1
65.1 27.9 164.3
145.7 133.3 158.1
46.064 141.769 142.785
40.3 189.1 52.7
114.7 158.1 52.7
17.0777 52.5383 158.797
21.7 151.9 71.3
191.178 118.282 22.7954
71.5114 186.068 99.1151
71.3 114.7 145.7
120.9 170.5 96.1
151.9 34.1 102.3
77.5 195.3 58.9
195.3 34.1 21.7
71.3 21.7 77.5
73.9457 96.905 130.052
189.1 127.1 89.9
89.9 189.1 120.9
27.9 77.5 21.7
189.1 77.5 83.7
92.8113 182.126 190.626
151.883 65.1405 31.4862
189.1 46.5 3.1
15.5 158.1 127.1
65.1 114.7 71.3
58.9 40.3 46.5
127.1 96.1 108.5
46.5 58.9 182.9
36.2355 77.7223 63.8663
9.3 77.5 71.3
185.604 176.066 59.1585
164.3 102.3 58.9
129.343 96.3762 1.81816
58.9 58.9 15.5
164.3 145.7 34.1
182.9 77.5 139.5
60.6399 25.1048 67.6288
74.0307 75.2697 104.001
40.3 195.3 46.5
62.6659 184.006 71.051
120.9 9.3 164.3
151.9 195.3 127.1
160.388 130.605 163.728
121.235 187.712 162.359
92.5833 135.832 67.062
139.5 9.3 96.1
34.5207 55.8938 177.25
102.3 71.3 158.1
27.9 120.9 89.9
40.3 40.3 58.9
56.3953 42.4554 111.646
115.132 76.6461 102.783
71.3 127.1 158.1
170.5 96.1 114.7
156.254 140.22 52.0424
58.9 108.5 65.1
108.5 58.9 89.9
113.522 3.1 143.789
175.994 74.5172 129.509
83.4271 192.713 63.3019
83.7 3.1 108.5
128.041 176.877 70.3456
58.9 46.5 182.9
167.344 2.98005 189.1
71.3 139.5 145.7
77.5 96.1 151.9
158.1 170.5 77.5
119.031 38.9683 55.6597
21.7 145.7 195.3
66.7679 98.8208 4.73804
89.9 27.9 102.3
65.1 158.1 195.3
15.5 58.9 133.3
56.4192 92.5074 183.906
133.3 108.5 139.5
189.1 71.3 189.1
21.7 71.3 158.1
182.9 15.5 182.9
114.7 195.3 127.1
138.546 69.4207 161.345
71.3 65.1 96.1
34.1 151.9 21.7
108.5 164.3 176.7
5.58541 82.1599 178.753
45.6526 175.788 142.794
180.766 174.382 166.953
33.3794 124.612 144.331
120.9 27.9 108.5
9.3 189.1 40.3
171.571 8.4786 106.363
164.3 15.5 102.3
139.5 71.3 158.1
159.577 188.723 61.3255
145.7 108.5 189.1
34.8007 138.55 135.744
34.2488 69.8203 87.3064
182.9 120.9 182.9
121.207 126.671 138.938
145.7 40.3 108.5
120.727 173.145 46.5265
34.1 114.7 176.7
71.3244 32.1639 196.885
15.5 96.1 21.7
0.556938 76.691 31.0858
19.973 190.626 136.929
52.7 83.7 114.7
58.9 40.3 102.3
153.584 59.004 29.4388
40.3 151.9 9.3
71.3 145.7 133.3
195.3 46.5 77.5
15.5 52.7 158.1
46.5 21.7 139.5
65.1 170.5 89.9
34.1 46.5 40.3
182.802 80.4712 102.97
27.4899 117.661 48.491
71.3 145.7 158.1
83.7 58.9 151.9
65.4402 164.609 197.012
139.5 189.1 34.1
96.1 34.1 189.1
145.115 178.04 120.058
114.7 58.9 65.1
95.8389 171.04 20.4005
27.9 133.3 15.5
127.717 9.72508 110.855
34.02 26.1148 66.4438
46.5 15.5 40.3
165.144 110.044 44.4258
182.9 120.9 102.3
15.5 58.9 9.3
52.7 114.7 58.9
189.1 96.1 120.9
158.1 58.9 120.9
187.867 86.7787 158.061
27.9 164.3 21.7
140.383 39.1254 87.0578
151.9 77.5 189.1
77.5 65.1 170.5
143.762 89.5833 118.04
55.7024 131.108 49.03
67.1557 39.6518 151.309
78.6082 78.9658 98.0597
156.698 133.372 147.888
139.5 108.5 108.5
182.9 83.7 52.7
64.0524 148.847 129.767
24.718 75.4878 68.2268
99.6789 41.5717 183.644
185.06 179.542 177.904
19.5578 128.661 103.502
186.873 163.524 69.6671
109.977 140.795 170.93
41.2093 58.2763 121.244
104.38 75.5922 48.1832
3.1 120.9 133.3
127.194 190.259 34.7312
85.574 79.2012 114.697
96.1 15.5 108.5
46.5 52.7 127.1
164.3 46.5 9.3
72.5532 172.835 26.9658
182.9 139.5 133.3
145.7 120.9 21.7
120.803 60.7287 194.989
80.6576 173.548 185.378
69.2762 147.929 37.3081
139.5 108.5 46.5
176.7 164.3 96.1
53.9071 107.249 47.1997
189.1 77.5 65.1
133.3 170.5 182.9
182.9 127.1 158.1
145.7 127.1 40.3
189.1 40.3 58.9
34.1 189.1 77.5
142.957 109.63 108.272
158.1 127.1 27.9
145.7 71.3 176.7
164.3 71.3 40.3
114.7 9.3 114.7
145.7 145.7 133.3
170.5 195.3 77.5
21.7 9.3 158.1
133.3 164.3 83.7
62.7078 16.942 193.059
161.258 125.94 177.374
52.8754 70.8933 168.584
183.954 171.107 48.2345
139.5 40.3 195.3
15.5 27.9 71.3
21.7 170.5 71.3
122.947 109.108 0.774367
93.4975 1.14308 118.71
104.783 92.2569 139.358
17.4942 191.763 54.0675
139.5 114.7 189.1
139.5 182.9 15.5
147.043 145.454 138.263
34.1 176.7 133.3
39.5886 101.444 21.6352
96.1 127.1 58.9
83.7 15.5 127.1
27.9 21.7 96.1
189.1 114.7 3.1
127.404 183.081 35.4757
102.3 158.1 15.5
72.5319 44.0474 45.0618
37.5297 166.428 55.489
68.9635 20.3295 90.9257
21.7 65.1 52.7
176.7 15.5 52.7
151.9 58.9 96.1
137.587 117.506 46.7749
107.005 156.658 94.903
138.421 3.1 69.5322
19.3205 27.4171 70.1442
102.3 65.1 120.9
127.1 40.3 58.9
114.7 58.9 176.7
92.5065 20.9772 3.1
180.198 74.5532 57.657
182.9 34.1 40.3
54.206 184.321 12.0355
59.6221 21.1491 11.4558
28.5697 173.717 135.267
70.3632 43.1444 74.7266
164.3 58.9 133.3
187.561 146.188 120.359
87.0891 69.842 121.421
134.496 158.708 89.8311
41.4033 61.8163 57.8113
34.1 176.7 34.1
89.9 127.1 102.3
108.5 46.5 65.1
109.29 23.0247 110.619
65.1 3.1 27.9
46.5 170.5 164.3
108.5 127.1 139.5
114.7 182.9 158.1
188.174 25.4167 133.768
7.73081 112.116 170.303
7.83833 59.1191 3.1
27.9 21.7 9.3
58.9 170.5 46.5
39.5343 70.307 39.4123
40.3 189.1 182.9
190.529 60.0755 128.686
153.273 107.108 101.146
136.299 95.7821 31.1162
94.1543 191.45 123.341
40.3 102.3 71.3
170.5 120.9 58.9
165.014 59.4686 122.245
170.5 52.7 15.5
120.9 108.5 151.9
65.1 27.9 21.7
52.7 21.7 96.1
21.7 139.5 65.1
4.67694 139.962 10.1038
170.5 164.3 133.3
71.3 158.1 164.3
145.831 23.3242 129.497
15.5 145.7 182.9
2.20396 189.062 174.317
21.7 3.1 145.7
164.3 27.9 83.7
96.6449 49.5507 99.1136
182.9 170.5 127.1
182.069 99.2613 100.93
164.3 114.7 195.3
131.21 161.958 22.4603
189.1 65.1 158.1
114.7 83.7 120.9
27.9 127.1 176.7
13.9121 67.7772 10.3157
83.7 52.7 127.1
58.9 40.3 3.1
108.5 189.1 83.7
21.7 27.9 133.3
80.321 6.62376 45.9362
107.763 97.5251 104.53
139.5 114.7 176.7
47.0805 37.3626 32.7184
189.1 40.3 182.9
155.573 177.636 51.7461
108.5 96.1 46.5
58.7854 116.588 29.4616
87.1251 124.921 82.0807
102.3 52.7 182.9
83.7 170.5 21.7
108.5 120.9 58.9
96.78 93.9501 44.0658
89.9 189.1 34.1
32.1334 18.1314 90.7529
27.9 9.3 133.3
77.5 182.9 195.3
157.313 148.888 195.3
170.5 71.3 120.9
52.7 27.9 77.5
12.7444 123.114 82.1
189.1 89.9 133.3
133.3 170.5 58.9
52.7 46.5 77.5
102.762 150.931 128.482
130.812 126.44 137.717
84.8765 87.2827 121.68
176.7 77.5 133.3
40.3 77.5 170.5
126.798 177.695 133.594
77.5563 68.598 98.1913
34.1 83.7 89.9
139.5 46.5 102.3
52.2322 139.525 41.4172
139.5 52.7 65.1
71.3 176.7 9.3
83.7 15.5 46.5
27.9 182.9 176.7
182.611 23.5399 33.9986
131.679 15.1758 194.772
116.062 69.4626 144.03
65.1 46.5 170.5
58.9 27.9 195.3
176.7 195.3 151.9
167.338 69.445 32.0691
189.1 183.607 12.0792
189.1 170.5 77.5
183.545 187.641 119.954
83.7 189.1 52.7
42.7401 188.96 111.742
195.3 77.5 15.5
41.9024 107.35 185.666
21.7 176.7 114.7
3.1 151.9 102.3
145.7 9.3 40.3
173.791 14.7208 192.906
106.862 83.6417 84.7261
147.958 57.0856 39.0505
58.9 77.5 71.3
46.5 139.5 120.9
96.1 3.1 71.3
77.5 170.5 176.7
58.9787 103.114 96.5061
140.078 164.87 133.608
108.5 40.3 189.1
34.1 89.9 3.1
145.893 85.27 99.1353
127.1 102.3 151.9
158.1 71.3 52.7
164.3 89.9 21.7
83.7 170.5 89.9
158.1 120.9 3.1
89.9 114.7 89.9
127.1 46.5 83.7
145.7 139.5 27.9
58.2148 134.909 39.6367
58.9 52.7 164.3
182.9 34.1 145.7
97.7807 166.512 171.685
83.7 96.1 77.5
108.555 12.561 184.486
107.343 47.1389 113.296
81.0921 100.915 101.37
114.7 158.1 164.3
71.3 189.1 21.7
138.596 110.424 136.745
114.7 15.5 52.7
127.1 34.1 52.7
195.3 164.3 15.5
89.9 71.3 83.7
120.9 120.9 164.3
137.232 16.55 148.284
158.1 151.9 21.7
117.209 138.585 134.003
77.5 83.7 114.7
27.9 139.5 27.9
102.3 46.5 133.3
145.7 158.1 65.1
102.3 195.3 34.1
89.9 96.1 27.9
176.7 83.7 108.5
170.5 71.3 77.5
175.73 65.2315 140.125
40.3 189.1 89.9
127.1 108.5 52.7
87.2899 175.907 75.1051
40.3 77.5 40.3
102.3 133.3 182.9
160.985 163.185 121.885
78.3864 95.6349 117.179
102.3 52.7 127.1
164.3 164.3 182.9
57.207 3.1 9.3
16.1843 51.0682 3.1
26.43 132.306 36.5926
112.058 157.05 164.316
111.428 12.9889 120.546
158.1 58.9 71.3
52.7 151.9 15.5
158.1 65.1 108.5
158.1 127.1 3.1
105.302 47.1292 190.587
151.9 21.7 158.1
91.6091 38.2783 150.682
45.7462 8.98358 150.869
127.1 71.3 89.9
182.9 52.7 27.9
34.1 34.1 133.3
189.1 189.1 170.5
49.0348 41.2449 161.535
43.1272 2.15778 124.719
176.7 21.7 145.7
108.5 65.1 96.1
127.1 21.7 77.5
52.7 158.1 114.7
108.5 102.3 96.1
52.7 108.5 139.5
170.5 108.5 127.1
165.548 21.8746 122.176
151.9 164.3 151.9
53.1342 138.735 71.0362
34.1 133.3 40.3
34.1 114.7 151.9
89.9 3.1 46.5
96.1 96.1 120.9
66.2281 65.4053 195.353
0.086957 25.4068 143.002
114.7 127.1 96.1
105.893 157.868 142.378
89.9 77.5 102.3
61.9654 180.872 121.048
71.3 58.9 133.3
139.5 127.1 46.5
164.3 133.3 21.7
120.9 182.9 9.3
170.5 77.5 52.7
155.289 44.6563 184.994
184.941 74.1691 3.1
120.9 27.9 9.3
83.7 9.3 120.9
164.3 77.5 96.1
133.3 27.9 9.3
182.9 9.3 133.3
77.4219 37.2537 161.045
106.593 30.1783 153.039
23.4175 153.579 13.4882
108.5 21.7 21.7
114.7 151.9 3.1
71.9207 129.051 63.1541
79.3765 16.9374 145.339
96.1 195.3 182.9
99.562 12.8726 28.2618
113.537 173.438 78.6752
103.162 20.1783 168.549
65.1 182.9 114.7
65.1 182.9 9.3
139.5 77.5 58.9
128.75 126.64 157.529
161.358 170.269 89.7645
185.292 188.259 41.0456
102.3 158.1 189.1
58.9 34.1 133.3
3.1 108.5 65.1
176.7 27.9 40.3
83.7 96.1 102.3
181.469 68.5421 117.326
180.676 85.5052 74.2916
15.5 108.5 52.7
9.3 127.1 189.1
58.9 89.9 83.7
27.9 182.9 164.3
81.9098 76.2651 103.294
45.2572 53.1558 183.625
139.5 120.9 21.7
96.1 120.9 46.5
106.431 60.256 98.2327
136.734 24.6975 101.04
170.5 189.1 52.7
60.6093 137.137 177.609
55.368 50.9741 161.331
151.9 145.7 133.3
189.1 170.5 71.3
27.9 145.7 120.9
89.9 189.1 71.3
120.9 58.9 77.5
65.1 114.7 164.3
83.7 189.1 108.5
34.1 77.5 158.1
139.5 77.5 15.5
71.3 46.5 127.1
91.0187 149.869 152.288
71.3 34.1 71.3
110.084 170.593 133.099
102.3 9.3 164.3
15.5 77.5 83.7
52.7 151.9 164.3
175.979 145.211 93.2977
89.6691 77.8268 13.1075
158.882 189.723 17.0951
195.3 71.3 77.5
21.7 195.3 15.5
102.3 182.9 114.7
182.9 3.1 195.3
84.5788 71.4477 83.8923
170.5 46.5 102.3
21.7 170.5 9.3
108.5 102.3 145.7
27.9 120.9 46.5
179.229 22.1754 112.982
68.1397 27.7783 117.053
5.25679 158.763 29.4331
77.5 176.7 195.3
96.1 158.1 77.5
58.9 9.3 133.3
96.1 77.5 139.5
89.9 83.7 77.5
160.664 55.6657 181.626
27.9982 66.0004 167.704
55.8991 125.893 32.0411
77.5 34.1 176.7
189.233 189.165 73.1601
40.7926 64.6301 195.3
164.3 108.5 164.3
129.833 96.1072 61.6354
46.5 71.3 21.7
27.9 151.9 145.7
58.9 120.9 195.3
166.437 79.6834 145.699
3.1 145.7 83.7
102.3 164.3 145.7
170.5 65.1 96.1
33.3756 162.55 41.7935
103.561 5.89743 134.352
133.3 182.9 65.1
81.4352 40.896 98.0361
77.5 34.1 139.5
71.3 3.1 52.7
27.9 182.9 164.3
41.3095 3.25494 162.379
106.476 57.1013 73.2296
52.7 182.9 151.9
77.4211 31.923 152.253
195.3 158.1 58.9
52.7 176.7 133.3
30.6722 164.152 176.267
77.7305 50.8716 160.965
34.1 127.1 3.1
138.206 171.567 43.0485
42.9993 66.4429 178.983
164.3 83.7 189.1
9.3 145.7 96.1
16.4877 159.257 14.2181
145.7 58.9 114.7
105.293 83.2859 82.3037
27.0824 124.766 81.3308
89.9 21.7 46.5
182.9 133.3 21.7
182.9 65.1 158.1
65.322 132.947 37.4973
89.9 65.1 83.7
139.5 189.1 164.3
52.7 58.9 46.5
135.797 60.0584 82.8413
120.9 170.5 27.9
139.5 182.9 139.5
127.1 65.1 182.9
142.102 54.2762 185.426
146.035 115.774 59.7442
44.0772 179.31 75.7594
189.1 164.3 96.1
102.3 77.5 65.1
65.1 127.1 170.5
18.6667 168.153 4.71498
170.5 3.1 27.9
108.5 120.9 176.7
120.9 108.5 89.9
189.1 34.1 46.5
148.379 68.1461 132.078
13.8932 29.693 57.172
15.5 58.9 189.1
114.7 102.3 164.3
114.7 40.3 27.9
195.3 52.7 46.5
170.5 139.5 27.9
3.1 9.3 46.5
169.905 150.403 56.9765
15.5 83.7 170.5
189.1 15.5 58.9
145.7 65.1 83.7
71.8128 179.254 51.28
133.3 189.1 133.3
127.1 108.5 133.3
65.1 71.3 102.3
89.9 114.7 151.9
40.1911 122.578 171.981
145.7 21.7 108.5
148.397 3.57011 49.5489
21.7 170.5 15.5
3.1 102.3 58.9
52.7 120.9 170.5
132.217 48.099 138.645
46.5 21.7 195.3
135.805 23.6133 119.034
182.9 114.7 182.9
195.3 65.1 195.3
117.072 7.93625 184.85
108.5 46.5 40.3
65.1 71.3 133.3
116.943 191.929 185.444
83.7 176.7 170.5
103.38 158.028 137.113
159.836 49.0232 114.062
71.3 114.7 139.5
164.3 120.9 189.1
25.777 178.068 178.67
138.222 66.5754 31.0607
182.824 76.11 145.458
182.9 46.5 96.1
83.7 52.7 158.1
35.2824 165.317 184.774
40.3 65.1 145.7
40.3 158.1 40.3
174.592 60.552 141.738
127.1 40.3 114.7
80.5772 138.901 3.1
28.3658 47.616 38.8159
77.5 158.1 71.3
145.7 108.5 71.3
114.7 182.9 127.1
145.7 40.3 96.1
122.828 124.594 64.8894
47.4672 6.21451 196.752
58.9 114.7 77.5
127.1 27.9 58.9
141.289 181.078 122.549
46.52 23.375 185.645
121.248 192.135 149.271
52.4848 76.5654 111.717
33.9958 8.00232 117.855
198.18 80.7902 137.542
164.025 149.546 28.1854
52.7 3.1 83.7
172.473 44.4734 116.541
15.5 46.5 15.5
89.9 21.7 114.7
164.3 34.1 151.9
66.0666 48.9491 184.191
83.7 189.1 52.7
182.9 27.9 170.5
67.5671 40.6556 178.648
108.5 102.3 65.1
83.7 15.5 195.3
106.013 115.269 145.832
43.1548 74.6978 146.814
30.1979 4.91127 96.7313
15.5 65.1 158.1
42.8145 154.034 50.117
145.7 120.9 27.9
149.518 60.684 173.054
71.3 182.9 89.9
125.474 56.6977 191.513
176.7 52.7 195.3
40.3 21.7 46.5
58.9 127.1 102.3
3.1 176.7 3.1
21.7 182.9 21.7
182.9 34.1 58.9
169.383 136.709 8.41177
3.1 9.3 182.9
176.7 58.9 3.1
158.942 16.4842 22.4415
42.6486 184.05 190.375
96.1 15.5 96.1
58.9 170.5 182.9
195.3 89.9 96.1
16.4409 118.384 41.6226
95.5509 10.7085 11.1525
182.9 195.3 145.7
58.9 52.7 89.9
28.8114 167.455 144.012
101.909 115.768 163.738
118.096 5.92034 114.738
170.5 89.9 65.1
146.605 160.061 164.599
164.3 77.5 102.3
120.9 108.5 52.7
114.7 133.3 71.3
164.3 52.7 96.1
29.0706 69.4735 124.379
37.5472 185.065 20.5399
3.1 83.7 15.5
190.09 6.74854 29.4008
182.9 176.7 40.3
21.7 21.7 9.3
82.6744 13.5066 17.1136
15.5 133.3 89.9
3.1 182.944 161.24
108.5 77.5 96.1
12.354 79.5604 163.381
68.5367 119.583 89.5003
50.9852 104.338 41.0744
139.047 138.015 140.543
71.3 182.9 164.3
114.194 20.765 168.547
65.1 15.5 27.9
102.3 158.1 9.3
189.1 145.7 120.9
72.2479 138.985 142.055
37.7468 149.183 55.2571
85.462 185.539 107.204
108.5 108.5 133.3
145.7 151.9 195.3
34.1 71.3 127.1
145.7 34.1 151.9
21.5058 89.7949 136.806
139.5 176.7 27.9
89.9 52.7 139.5
34.1 21.7 89.9
186.788 75.0978 33.456
114.7 83.7 145.7
3.1 71.3 102.3
106.925 27.2819 114.758
21.7 83.7 96.1
98.5958 3.1 60.0049
9.3 133.3 83.7
83.7 133.3 58.9
89.9 34.1 145.7
15.5 170.5 114.7
120.9 108.5 108.5
52.7 151.9 158.1
158.1 40.3 89.9
170.5 34.1 182.9
133.3 9.3 102.3
158.1 102.3 83.7
66.7501 172.867 161.386
151.9 15.5 46.5
127.1 40.3 164.3
71.3 158.1 34.1
21.7 34.1 21.7
69.7025 158.559 184.53
9.9481 129.481 196.602
37.5523 166.709 23.9302
6.70145 86.2453 78.8723
127.1 65.1 176.7
98.5802 171.238 78.9893
46.5 9.3 15.5
27.9 127.1 145.7
52.7615 55.5586 49.4295
65.1 189.1 34.1
130.164 62.9631 187.727
156.838 59.7633 81.4098
34.1 164.3 9.3
102.911 34.4177 49.9185
27.9 108.5 9.3
164.3 102.3 127.1
91.6816 106.794 196.858
77.5 176.7 133.3
171.163 46.4248 117.269
77.5 164.3 15.5
61.4151 116.094 195.3
102.3 189.1 127.1
170.5 52.7 114.7
15.5 133.3 133.3
96.1 58.9 195.3
15.5 58.9 108.5
26.9048 80.9576 170.313
9.3 15.5 58.9
133.3 77.5 170.5
83.7 151.9 89.9
77.4907 180.357 43.2016
37.148 95.4022 172.847
71.3 195.3 83.7
145.7 65.1 34.1
40.3 83.7 127.1
77.5 71.3 120.9
86.7912 149.925 74.0588
89.9 176.7 65.1
170.5 27.9 151.9
61.9477 3.1 8.04235
170.5 52.7 27.9
152.869 189.446 63.0332
158.1 114.7 189.1
28.7018 107.071 89.2406
77.2552 121.277 151.79
106.282 119.383 94.9732
58.9 40.3 15.5
57.0217 163.17 139.16
133.3 34.1 77.5
120.9 176.7 71.3
15.5 170.5 9.3
70.3652 24.2605 174.767
65.1 151.9 40.3
195.3 65.1 89.9
102.3 145.7 89.9
151.9 127.1 189.1
11.4914 147.216 112.662
68.5104 93.0735 161.511
53.1909 164.273 99.8947
194.573 27.8125 21.9935
164.3 3.1 77.5
133.3 170.5 65.1
3.1 150.062 135.638
120.301 103.221 144.419
133.3 108.5 83.7
164.3 189.1 189.1
52.7 176.7 3.1
170.5 164.3 145.7
21.7 15.5 71.3
158.1 52.7 27.9
12.8418 175.045 53.0275
108.5 189.1 65.1
15.5 158.1 145.7
83.7 34.1 145.7
34.1 189.1 65.1
133.3 108.5 145.7
108.5 15.5 27.9
58.9458 130.835 183.218
145.7 102.3 71.3
21.7 195.3 127.1
71.3 71.3 58.9
15.5 182.9 71.3
28.1067 102.413 173.847
182.9 40.3 139.5
127.1 182.9 145.7
145.7 120.9 127.1
131.825 134.433 196.327
34.1 102.3 46.5
46.6853 160.127 33.147
188.744 85.8956 141.791
164.3 46.5 34.1
152.648 2.47568 48.4643
15.5 176.7 139.5
89.9 170.5 65.1
170.5 52.7 108.5
144.778 83.7113 154.47
26.8238 19.4876 48.1637
170.5 21.7 52.7
14.2444 125.489 182.767
137.615 124.349 75.1977
40.3 145.7 15.5
45.9325 32.0689 92.2786
31.4995 136.517 110.381
21.7 176.7 21.7
58.9 52.7 40.3
52.2608 12.662 138.215
176.7 77.5 21.7
65.1 120.9 77.5
58.9 133.3 27.9
148.798 32.429 76.8038
70.2216 117.047 156.45
108.5 158.1 133.3
164.3 170.5 9.3
97.7062 65.4565 6.39987
151.9 108.5 176.7
102.3 170.5 145.7
177.308 37.252 65.3105
114.7 34.1 195.3
139.5 77.5 108.5
170.5 21.7 139.5
56.0759 181.44 160.815
129.882 101.193 143.214
176.648 67.2913 124.596
26.2437 43.9293 126.214
52.7 9.3 27.9
32.8436 196.115 186.075
114.7 9.3 58.9
108.5 46.5 15.5
151.9 182.9 21.7
102.3 139.5 34.1
83.7 65.1 127.1
81.2241 18.1089 104.688
27.9 133.3 145.7
108.5 145.7 127.1
71.3 3.1 182.9
189.1 77.5 139.5
112.707 34.372 89.0863
27.9 114.7 52.7
170.5 21.7 46.5
15.5 40.3 58.9
9.3 96.1 27.9
152.374 123.512 6.56357
19.605 154.009 88.963
109.636 157.832 9.85629
52.6049 109.137 132.638
52.7 96.1 158.1
129.157 48.0884 26.7073
182.9 27.9 139.5
179.866 149.412 132.548
195.3 65.1 195.3
195.3 189.1 40.3
59.8344 57.742 187.799
139.5 108.5 9.3
118.418 101.185 101.938
96.1 52.7 133.3
9.3 71.3 71.3
9.3 21.7 120.9
27.9 195.3 46.5
133.3 170.5 34.1
133.3 108.5 3.1
139.5 77.5 89.9
15.5 102.3 102.3
120.9 21.7 27.9
96.1 46.5 151.9
189.036 115.746 130.01
184.99 70.7521 33.095
108.5 58.9 83.7
96.1 170.5 139.5
111.158 7.51017 195.088
38.2713 35.2641 185.927
157.109 140.304 158.66
181.411 34.3518 57.897
19.3574 14.2414 14.3099
21.7 89.9 120.9
77.5 27.9 21.7
109.115 9.41074 140.723
114.7 195.3 27.9
43.9905 148.864 62.4298
15.5 83.7 127.1
85.4844 170.396 117.862
161.638 84.3751 50.7926
139.5 34.1 114.7
57.1036 44.0841 143.292
102.3 151.9 170.5
166.367 125.404 48.3911
66.6962 114.809 95.8994
114.7 27.9 145.7
82.7513 27.9496 103.912
46.5 65.1 89.9
52.7 46.5 145.7
182.9 158.1 127.1
29.8036 147.935 41.714
34.1 139.5 108.5
127.1 58.9 151.9
151.9 133.3 9.3
83.7 195.3 9.3
21.7 127.1 27.9
89.9 182.9 9.3
6.50873 149.086 181.312
106.529 69.9212 183.867
176.7 158.1 89.9
67.1345 18.1631 133.272
182.9 170.5 145.7
77.5 114.7 21.7
102.3 96.1 120.9
76.8812 138.871 48.2882
40.3 170.5 9.3
195.3 15.5 158.1
114.7 83.7 189.1
95.9995 88.445 103.706
151.9 46.5 139.5
71.3 71.3 176.7
145.7 145.7 65.1
108.5 189.1 145.7
3.1 158.1 120.9
114.7 83.7 189.1
96.1 189.1 170.5
154.469 99.0672 74.6678
145.7 151.9 189.1
164.558 32.473 11.1864
11.347 145.018 99.8031
96.1 34.1 83.7
182.9 58.9 27.9
195.3 186.496 119.737
127.1 21.7 139.5
108.5 195.3 145.7
34.1 83.7 108.5
108.5 176.7 139.5
59.7942 195.065 114.76
133.3 77.5 15.5
96.1 120.9 145.7
182.9 195.3 114.7
120.9 46.5 151.9
65.1 52.7 46.5
70.7657 97.0023 16.3769
27.9 46.5 158.1
58.9 145.7 164.3
89.9 83.7 164.3
102.3 114.7 46.5
40.3 127.1 170.5
145.7 133.3 189.1
121.547 22.0978 143.994
79.7904 167.719 147.499
49.9661 76.1893 131.976
164.432 33.4577 61.4555
23.7799 189.701 51.6447
107.963 18.1389 173.445
40.3 170.5 58.9
134.123 61.3228 174.361
27.9 3.1 9.3
182.939 25.805 73.9136
3.1 170.5 96.1
52.7 182.9 89.9
28.1501 174.695 63.2496
71.3 139.5 133.3
58.9 176.7 189.1
30.5882 98.7851 136.028
85.3495 39.9634 181.352
21.7 189.1 108.5
129.335 118.856 87.4493
21.7 164.3 77.5
58.9 65.1 46.5
195.3 145.7 158.1
189.1 189.1 27.9
52.7 164.3 15.5
19.3605 52.018 97.9848
34.1 58.9 58.9
2.64008 67.8135 118.908
89.9 77.5 89.9
92.4094 195.314 87.1707
170.5 21.7 145.7
52.7 89.9 145.7
131.45 121.432 150.18
40.3 133.3 83.7
13.5299 50.4483 92.5139
145.7 58.9 52.7
79.31 147.972 69.4366
158.1 52.7 151.9
63.5354 153.68 17.8682
30.6843 16.0663 159.055
52.7 77.5 151.9
29.4835 122.619 92.2078
80.5008 193.748 74.2321
194.989 86.9339 139.796
21.7 145.7 108.5
146.414 108.31 19.7883
133.3 114.7 89.9
158.1 133.3 89.9
8.65272 68.2174 160.544
34.1 27.9 46.5
83.7 189.1 77.5
77.5 34.1 15.5
21.7 83.7 15.5
145.7 52.7 114.7
6.77214 164.436 132.573
34.1 40.3 77.5
158.1 195.3 182.9
195.3 102.3 34.1
64.1047 187.883 178.88
167.53 71.3373 45.492
40.3 96.1 139.5
139.071 27.4095 27.8258
187.561 133.157 47.8768
108.5 71.3 114.7
102.3 102.3 27.9
189.1 182.9 58.9
158.1 27.9 176.7
158.1 145.7 139.5
89.9 108.5 71.3
9.3 133.3 27.9
165.877 132.388 15.5673
157.981 92.6308 134.589
118.379 106.865 160.389
39.5687 142.164 129.1
83.7 151.9 120.9
34.2542 145.578 159.014
61.0753 37.8457 146.58
46.5 58.9 114.7
170.5 151.9 52.7
183.98 40.4276 156.797
139.5 133.3 164.3
139.5 127.1 170.5
27.9 65.1 15.5
176.7 139.5 151.9
21.7 176.7 27.9
65.1 21.7 3.1
67.991 3.1 155.651
176.7 89.9 34.1
182.9 77.5 9.3
40.3 182.9 21.7
96.1 133.3 46.5
34.1 120.9 83.7
182.9 77.5 89.9
28.5072 24.6894 121.666
176.7 133.3 34.1
65.1 158.1 114.7
133.3 102.3 15.5
77.0089 122.589 71.9155
71.3 65.1 127.1
3.1 58.9 89.9
83.7 139.5 176.7
97.7331 112.049 138.936
149.942 93.1635 180.02
46.5 3.1 15.5
145.7 77.5 34.1
108.5 145.7 114.7
34.4125 11.7942 116.152
87.0671 76.6465 47.0974
52.4336 88.3089 41.2838
189.1 79.6199 114.999
59.6557 130.408 161.34
19.9112 34.9897 69.6817
164.3 83.7 108.5
145.7 96.1 127.1
145.7 21.7 96.1
76.6871 7.01153 159.526
145.7 15.5 71.3
195.3 46.5 15.5
88.1442 192.489 23.2925
50.967 84.2959 113.212
164.3 40.3 158.1
52.3098 11.444 9.3
78.1605 74.0577 84.0113
189.1 195.3 46.5
46.5 83.7 133.3
46.5 170.5 40.3
120.9 176.7 127.1
182.9 96.1 3.1
