0
5.0065
7.32842
7.85804
18.9704
3.90638
17.9557
3.42542
6.26117
6.39367
11.2043
4.57124
16.6185
3.57881
18.9993
20.0187
5.43748
31.5629
6.89273
8.20752
9.70384
3.98337
10.5005
21.2197
14.6485
6.82963
4.53179
11.3908
5.90072
12.7418
13.2034
14.7647
31.4417
10.9586
14.5872
12.2103
17.1514
9.30992
12.8301
18.35
8.74042
3.99847
6.4053
22.4518
20.146
23.2474
14.6772
15.728
7.01949
13.2328
9.5579
14.5558
10.3508
15.4979
19.4751
16.3607
37.4132
8.41777
9.02293
15.0246
16.4769
9.88619
16.124
14.7118
6.86562
42.8879
10.0197
42.4862
25.3593
21.2383
9.61212
5.40279
17.8978
7.62225
13.8334
11.5126
8.4228
30.7089
13.418
10.6987
12.634
11.4795
50.2973
23.6734
20.0689
10.0185
8.71688
38.987
18.3543
10.6096
5.02702
3.52557
4.2559
5.80191
16.4152
16.8749
11.5861
10.6497
21.4113
18.0069
5.88093
5.83874
20.2541
25.8486
9.4261
7.84407
5.68195
7.83845
15.8432
13.7125
19.3851
31.0772
9.0659
6.00127
6.67717
13.9762
7.85477
5.73856
6.05345
12.2661
16.2964
14.0324
3.61697
3.42042
3.37851
14.1823
15.0427
7.05477
6.03986
11.197
8.66847
23.7456
18.0473
21.7788
4.73005
14.8801
41.4377
27.5454
30.1207
18.2122
13.192
3.42626
7.65622
33.8392
27.0724
5.22116
15.2363
6.82744
22.3258
7.56763
4.5274
11.1809
8.01466
42.7655
32.8691
7.36102
13.4787
5.92336
11.7112
8.46512
21.2396
6.55266
4.04949
38.3939
10.1446
37.6502
13.5211
26.0415
27.2153
11.3029
3.93269
16.8183
9.54592
6.48805
17.8468
16.8518
14.7492
4.95724
9.64104
22.4725
13.6371
12.6836
18.886
21.6718
13.2578
30.4757
15.0887
14.661
13.3213
12.2472
20.8755
21.4404
27.4017
16.0198
23.2127
11.3272
25.6891
8.27538
23.9535
9.26556
9.63391
8.34829
6.64145
6.48645
11.4532
9.01618
21.9713
14.4522
34.7772
25.9966
5.22701
24.952
8.29837
5.13255
21.2869
14.9608
3.62119
37.1312
12.5191
11.4376
18.3077
10.3696
7.55627
9.21194
64.238
6.95575
3.86801
16.5431
16.3062
36.6908
5.13593
15.9912
36.4843
8.4798
28.3711
8.55505
24.2224
18.7181
8.40963
16.4521
29.3908
15.5653
21.859
3.75574
4.45501
31.9214
9.80046
31.7537
4.08034
3.80894
9.73921
4.17189
12.2067
26.3987
13.1854
49.9052
33.0678
12.0001
5.0044
10.8231
7.9698
26.2211
3.88946
32.8111
50.9152
10.1852
5.48593
21.7359
8.15876
20
6.23616
15.8745
12.6518
9.65061
6.12219
3.8117
6.17702
27.5706
16.9142
14.0797
9.24705
7.4111
14.3517
20.7994
15.8664
24.1992
14.327
17.5625
3.16333
4.73228
7.37359
27.8147
18.9357
9.86755
4.33939
3.05596
19.6176
59.9696
26.1801
34.3204
7.25039
12.2431
17.5799
13.213
6.10054
16.557
6.85668
4.61086
7.99995
43.7699
19.3068
13.8445
12.1816
27.9266
7.70695
12.6265
7.01886
30.745
4.78958
18.3961
10.4051
10.8825
19.3265
4.18133
21.3199
18.9969
17.5418
13.0544
13.1094
13.0553
15.0269
3.72894
7.75641
20.6212
16.2553
11.508
6.00752
25.2879
21.5178
14.8857
23.6137
18.9311
34.9397
40.2439
41.2893
12.7303
20.052
18.1596
10.5275
12.5909
23.5369
8.83175
11.9301
25.0411
34.9539
13.1687
12.5215
5.52987
11.56
35.684
3.02187
7.43378
19.2917
8.04699
18.4652
6.09572
6.75338
21.7846
42.9024
8.61477
16.4487
20.7715
13.557
18.408
11.0315
19.802
27.4914
11.742
11.1212
16.4514
9.89119
7.9338
11.425
33.7755
23.5951
20.6617
29.8419
24.2419
3.37566
9.50466
12.6335
15.8993
7.92826
25.1578
8.06374
3.85081
10.1284
51.4179
25.0211
17.2749
6.59453
18.5027
29.2751
38.2048
9.17475
5.40678
33.4195
44.899
8.01731
4.59891
4.46279
25.3408
17.873
12.2834
5.5459
20.9277
21.4189
14.0403
21.1732
19.0126
7.99639
5.53099
29.5576
15.3922
12.5354
15.3723
10.5454
6.73907
13.0385
7.84476
38.6474
14.0929
19.0751
13.7038
3.66746
5.24885
20.2666
7.6783
31.5032
13.9447
13.0202
49.9401
14.0132
16.7856
16.7447
11.8497
29.2226
14.5428
30.295
5.6817
5.84315
20.6353
20.9383
27.9206
27.2271
13.5754
52.7938
22.5577
32.0348
6.01165
6.65845
10.1749
8.4306
12.5011
36.7128
31.5628
39.0383
6.34573
6.08525
12.389
15.5206
10.6834
23.1198
28.782
15.0738
13.0744
31.6976
11.4405
3.56907
31.5596
9.08489
31.1461
13.6487
4.46805
50.6991
12.6331
5.3622
4.61164
35.2078
12.0188
5.81259
3.11167
18.4307
13.8184
18.5774
26.7589
28.3825
18.041
36.889
36.0078
10.3802
7.53397
8.24426
5.75066
3.98379
9.39605
9.74464
12.6064
7.22032
10.9022
10.5246
11.9432
16.2852
16.4026
24.4974
12.4526
27.1814
16.9621
5.39024
5.28174
4.62739
6.35261
3.74381
11.8076
10.7609
7.99744
18.3891
8.13896
19.5586
15.7981
10.7253
4.96139
10.6593
7.02997
11.3447
36.6356
11.512
22.4454
23.4802
33.1608
18.5356
27.1648
15.7774
5.0179
3.51497
12.2705
41.7196
22.8057
11.1367
6.98714
16.0607
6.1069
16.7909
5.05847
10.9134
14.8995
7.83545
23.7288
12.5095
21.0567
5.30525
19.3798
19.4803
7.52877
4.20689
26.6101
11.1997
23.6945
44.5325
24.5681
32.7996
3.87869
12.6446
22.7
27.8219
8.00584
31.7765
39.1661
6.92071
4.86315
13.492
21.2428
7.14222
21.7615
9.26987
27.6023
4.43329
9.61248
25.8308
4.83118
15.0437
7.19391
9.38643
6.21001
9.63876
19.8584
6.22439
4.95405
17.0105
7.11227
17.0692
5.30753
11.1209
46.1226
14.092
6.75198
14.9032
11.2434
8.55311
13.8725
17.7048
6.10476
7.38923
6.88633
12.6793
3.97187
6.11349
37.4205
14.9762
15.8873
9.54864
20.6864
4.80982
3.70277
6.14145
21.7683
6.04124
12.076
11.7535
12.9646
22.3639
8.49759
12.6263
40.8475
7.64655
13.3289
9.79911
21.9468
3.38179
16.9012
25.8707
10.5706
44.9729
11.6947
19.8802
14.2643
27.3957
9.55435
10.3689
46.3886
5.57144
17.3531
10.1079
24.1065
10.2117
4.13457
65.1049
5.75785
5.4207
12.3759
10.8089
8.24759
39.4109
33.0898
8.51957
22.8029
6.54769
9.65684
7.66657
22.8225
4.77623
47.9388
6.61396
16.2818
6.0695
23.0724
14.1509
10.2207
5.89849
7.68129
15.3371
13.2742
17.3302
20.7333
5.88912
6.31889
12.2716
6.8663
11.0264
9.8961
7.14244
13.7034
8.6168
7.88847
27.9701
11.8486
3.74306
9.69657
16.7379
5.05884
23.7276
13.7919
8.37737
6.23765
5.18686
10.9408
12.8042
9.87036
13.0139
8.02469
13.9836
16.067
12.9497
6.50568
6.95849
4.1133
8.23611
7.84837
7.79159
7.33759
17.7157
7.52515
18.2596
9.05493
27.1998
42.3776
6.63123
14.9886
12.2503
31.0037
20.6405
5.51627
14.2577
8.99475
7.00018
23.6358
17.8385
30.323
9.19914
25.0208
4.16825
12.648
24.3366
4.3914
25.5719
3.79096
21.515
23.4814
8.58986
4.81204
18.5294
20.8877
6.69295
46.9065
12.0502
22.912
7.89492
28.9679
21.0014
15.3316
11.811
47.8008
24.9919
7.56072
26.3213
3.19289
7.59964
11.3807
7.89733
16.6405
51.8059
7.66543
6.88813
14.2503
9.76595
6.22665
12.8879
12.1233
13.2807
3.99893
6.59641
12.0678
18.3644
4.87236
3.91144
11.8966
14.3367
14.973
16.1889
14.9822
4.34641
15.6097
4.70454
13.7263
13.7508
8.35069
29.3097
52.7183
13.1302
4.63654
9.67229
7.74929
17.0835
23.4958
34.173
9.19812
8.3263
7.07728
6.63841
14.329
11.9533
5.56518
6.48147
55.4463
4.94705
38.6423
15.3469
17.246
17.2462
14.0831
6.05704
9.50247
13.4134
24.8419
5.37474
12.2256
22.9564
9.13141
11.8018
8.81928
12.7111
9.65949
46.3759
3.60999
35.6028
25.2784
5.05194
6.24553
7.00841
50.2888
12.7597
8.50969
21.7124
14.1656
6.90855
30.599
8.96767
18.4907
10.3649
16.7355
16.9911
6.17557
19.2251
10.4149
17.9117
14.669
44.4423
20.7103
10.67
10.6559
3.00347
8.61249
10.4239
17.341
6.53324
41.2721
10.1459
9.50764
16.2659
28.4658
22.1009
4.97098
11.2013
3.9295
19.8888
19.4114
30.2181
13.0775
52.5212
13.1708
18.1094
5.44244
16.2473
45.7029
6.08619
5.50357
14.6607
4.42258
9.88746
20.4001
12.7628
17.9232
22.9337
6.07561
11.9425
36.5906
16.2732
24.2855
52.4778
4.87645
7.21336
6.07716
9.99788
16.0855
3.63884
10.5628
28.7444
12.777
3.02658
8.72258
11.4815
9.01321
13.1469
4.87111
14.6027
9.39677
34.6464
16.0878
34.0248
13.6331
8.92185
6.35542
10.0741
9.20403
10.3573
4.39574
24.1245
6.35908
35.1669
7.48676
5.82062
28.6894
10.4601
15.0211
15.0231
18.4953
11.5154
6.76163
3.67916
3.93492
5.68681
6.33258
5.71059
9.98807
6.07909
13.1736
7.74197
6.90614
10.2477
18.145
26.1457
14.1874
18.3886
18.1226
4.60127
6.77331
9.09894
18.6443
6.97711
7.9203
14.6981
11.8236
9.03385
16.6186
5.38674
4.93879
6.55872
9.6295
11.2274
10.1586
39.1669
31.9563
13.8895
7.83626
5.40402
6.77161
6.76155
10.7236
22.9078
28.7141
18.4361
31.5797
10.9796
22.9025
10.1616
14.7863
3.33608
9.12838
13.0535
5.56171
39.0614
10.292
3.89993
30.6105
13.7382
27.3676
4.85757
7.73695
13.0749
10.6036
7.17909
7.11942
9.00921
15.8167
12.6824
5.12891
6.83965
6.53088
9.26384
7.55251
16.3748
27.3517
62.8145
32.7743
4.10681
5.27389
20.884
16.3662
8.26857
7.53879
3.75037
11.2902
17.2117
4.22426
7.35191
36.7365
4.63227
8.86565
11.1528
6.78568
12.0509
7.40111
22.4016
9.99914
22.6602
36.6279
15.6814
9.24119
14.4999
18.5915
6.4137
19.5279
28.7741
8.68064
7.99011
13.2019
23.4645
16.4759
14.2037
24.8132
5.19716
13.079
17.7078
4.1906
6.35321
9.19773
25.5806
3.25394
4.20651
8.8387
10.4365
3.34277
3.15669
28.8018
9.92112
3.81135
9.59031
10.0683
11.0921
9.09348
10.2143
10.4248
11.707
9.33569
11.2021
3.25242
6.88215
6.67534
8.45376
20.6842
10.8845
4.66903
53.4198
63.6037
4.66937
5.92418
9.10369
9.81392
8.7835
6.37342
8.70865
3.78189
7.8755
3.02625
11.1696
3.81637
22.018
10.1161
49.147
5.42131
9.7176
8.35753
9.023
11.1293
3.55358
11.2995
9.2836
7.3086
9.04891
4.94684
69.8452
3.91058
4.09067
11.2966
8.13846
55.5873
21.386
4.12169
5.72846
9.92344
11.9877
8.73596
3.29661
49.6386
5.96976
3.65902
11.6482
5.65558
22.2821
4.53884
18.8861
4.72719
40.4806
6.10069
15.4715
7.6099
9.76379
4.10404
14.3901
8.73663
4.56882
27.5708
8.16962
4.33846
4.15368
6.87871
10.8323
4.84173
3.86304
3.71549
19.9175
4.54938
10.6759
4.61614
4.73453
7.44078
7.13285
4.08406
5.3698
4.57748
21.3813
3.91097
9.82272
8.36597
3.33222
8.52553
3.78156
6.69087
3.58525
43.3853
4.6716
8.26209
5.176
54.7606
11.0526
21.0684
4.19776
10.7214
10.9721
5.44927
4.81839
7.6523
3.74065
11.8264
4.33747
4.02076
8.12327
12.9068
62.8068
15.1918
3.98736
3.08021
4.13466
3.99453
19.8862
7.29613
9.99435
4.32154
15.916
11.9899
7.61185
9.01375
3.51872
13.4094
5.71013
39.741
20.167
4.90718
8.69897
8.17035
10.9187
41.8321
20.6205
7.99691
15.0929
9.83385
57.127
5.99281
16.5332
12.064
21.2309
4.22034
6.26756
9.22882
7.88028
4.15004
8.12374
4.72971
3.93097
33.8606
8.41931
4.67418
9.40828
21.4013
4.02104
15.1072
12.6392
11.5577
5.7656
3.55811
3.53641
59.006
4.86402
9.31476
7.95014
7.49342
4.2514
6.23011
7.69012
3.63548
11.0275
3.26954
30.1
4.52016
18.34
3.14074
4.08134
5.81345
27.2211
15.2202
3.58287
11.5501
10.2149
41.9806
7.97649
3.33039
19.3818
10.6631
41.6438
36.312
6.66636
4.3777
8.54624
23.4451
4.44644
14.8456
5.77615
11.3722
17.1114
16.4748
6.60054
35.0667
4.85645
10.562
11.4677
7.32681
21.1734
16.3658
29.9639
6.92149
4.27358
17.7562
3.69444
6.19706
21.0468
9.58043
55.3839
10.5918
3.13666
5.14833
5.41274
64.3895
3.75145
28.2501
10.7871
19.6183
7.03972
3.73717
17.2453
60.1242
5.11723
11.0948
22.7765
14.5173
32.3733
12.8023
11.1293
7.34547
6.84833
9.17568
15.644
48.5853
