200
0.66151 -1.4936 2.2083 2.493 1
0.20058 -0.96819 1.9637 2.9205 1
0.91474 -1.3175 1.8433 2.8617 1
1.0163 -1.7576 2.2023 2.3202 1
0.97264 -1.557 2.008 2.6203 1
0.41081 -0.37857 1.0678 3.4697 1
0.78429 -1.0665 1.7769 3.0046 1
0.75058 -0.62716 1.3521 3.3318 1
0.59234 -0.0819 2.3567 2.786 1
0.31378 -1.3663 1.6667 2.9458 1
0.22544 -1.0088 1.0724 3.3399 1
0.49994 -0.17885 1.2421 3.4275 1
0.52073 -0.33237 1.9771 3.0501 1
0.67652 -0.099284 2.2834 2.8458 1
0.20979 -1.2108 1.2245 3.2183 1
0.49929 -0.57241 1.0668 3.4434 1
0.27604 -0.49963 0.77431 3.5318 1
0.72131 -0.27671 2.4013 2.7349 1
0.47165 -0.87051 0.97558 3.4078 1
0.23826 -0.91635 1.4669 3.2142 1
0.48281 -0.74453 1.8216 3.0741 1
0.28607 -0.45001 2.1377 2.924 1
0.19869 -0.088458 0.23112 3.6416 1
0.19659 -0.33998 1.2215 3.4227 1
0.52549 -0.52068 2.4683 2.638 1
0.34658 -1.3497 1.4727 3.0548 1
0.88867 -0.25454 2.03 3.0227 1
0.87453 -1.6855 2.2149 2.3613 1
0.6902 -0.65668 0.94991 3.4625 1
0.66902 -0.83277 2.2657 2.7378 1
0.77242 -0.93545 1.9317 2.9523 1
0.78299 -0.050555 1.4385 3.3542 1
0.84594 -1.549 1.9846 2.6428 1
0.31435 -0.34524 2.0623 2.9917 1
0.64027 -1.8916 1.9225 2.4593 1
0.27712 -1.3506 2.308 2.4843 1
0.74818 -1.0982 2.3412 2.5759 1
0.86777 -1.7472 2.0491 2.464 1
0.71004 -0.4822 2.4716 2.6422 1
0.82503 -1.2754 2.0901 2.7069 1
0.59098 -1.5119 1.8842 2.7361 1
0.35239 -0.22115 1.1198 3.4669 1
0.73109 -0.48902 2.4033 2.7032 1
0.93107 -0.11248 2.4891 2.6672 1
1.0536 -1.5821 2.2048 2.441 1
0.72364 -0.96306 1.759 3.0497 1
0.54037 -0.72561 1.3475 3.3136 1
0.56668 -1.213 2.1309 2.7038 1
0.39619 -0.50268 0.86084 3.5112 1
0.82054 -0.79059 1.1758 3.3638 1
0.85891 -0.59122 2.0689 2.9483 1
0.70753 -0.64292 1.0083 3.4486 1
0.86093 -0.60467 1.7628 3.1384 1
0.51379 -1.0547 1.3208 3.2351 1
0.97249 -0.48429 2.3869 2.7186 1
0.31832 -0.16256 0.87773 3.5392 1
0.91175 -0.061684 2.5162 2.6434 1
0.48856 -0.26535 1.2906 3.4039 1
0.46965 -0.47071 2.311 2.7857 1
0.57052 -1.3256 1.4837 3.0601 1
0.15282 -0.52385 2.169 2.8885 1
0.97698 -1.4969 2.1161 2.5698 1
0.67154 -1.115 1.2434 3.2455 1
0.35659 -1.5466 2.0446 2.5981 1
0.37778 -0.96667 1.7737 3.0401 1
0.92462 -1.7563 1.8889 2.5826 1
0.93001 -0.082429 2.4593 2.6958 1
0.30584 -0.19055 2.0508 3.0134 1
0.48828 -1.1992 1.4689 3.1188 1
0.41833 -1.0284 1.5606 3.1352 1
0.56061 -1.0384 1.7637 3.0222 1
0.9814 -0.21398 2.4099 2.7329 1
0.91301 -1.0153 2.0845 2.819 1
0.79178 -1.3769 1.8949 2.7993 1
0.77389 -1.1908 1.1923 3.2377 1
0.86365 -1.6813 1.92 2.6095 1
0.93393 -0.16815 2.5492 2.6069 1
0.99143 -0.45517 2.4028 2.7096 1
0.36858 -0.41779 1.4736 3.3131 1
0.33771 -0.15197 1.1498 3.4608 1
0.83128 -0.95427 2.0958 2.8318 1
0.7656 -1.8038 1.9553 2.4992 1
0.39086 -1.3074 2.3969 2.4225 1
0.79447 -1.836 1.9353 2.4912 1
0.89779 -1.6998 2.236 2.331 1
0.68379 -1.6771 1.7366 2.7375 1
0.75106 -0.3392 2.3799 2.7465 1
0.35512 -0.99498 2.3688 2.5926 1
0.54446 -0.10065 0.52486 3.6107 1
0.25723 -0.50479 1.3869 3.3383 1
0.92573 -1.8236 2.0036 2.4459 1
0.8618 -0.34604 2.5466 2.5918 1
0.42361 -0.34509 1.1409 3.4499 1
0.12119 -0.61905 1.476 3.2803 1
0.63922 -1.1202 1.3225 3.2123 1
0.58061 -1.972 2.0421 2.2942 1
0.15016 -0.30617 1.5343 3.2977 1
0.21221 -0.17289 1.7377 3.2052 1
0.84534 -0.35708 1.6384 3.242 1
0.73069 -0.55711 2.4302 2.6657 1
0.38081 -1.1302 2.046 2.8033 1
0.45252 -0.44825 2.2836 2.8119 1
0.59582 -0.97271 1.159 3.3216 1
0.99605 -1.7818 2.2276 2.2771 1
0.19687 -0.20146 0.35239 3.6274 1
0.26592 -0.12576 1.9906 3.0568 1
0.75075 -1.1116 2.2573 2.6441 1
0.65667 -0.52782 0.9296 3.4899 1
0.66313 -0.90399 1.7826 3.0541 1
0.35644 -1.1381 1.4949 3.1293 1
0.73771 -0.50946 1.9715 3.0292 1
0.77297 -0.34706 0.96616 3.5027 1
0.80421 -0.48548 0.98389 3.4812 1
0.13219 -0.088219 0.34446 3.6326 1
0.276 -0.088151 0.80461 3.5591 1
0.73725 -0.68381 2.257 2.7858 1
0.44692 -0.17593 2.2544 2.8652 1
0.71607 -0.63081 1.1192 3.4164 1
0.72328 -0.66252 1.0235 3.4404 1
0.7238 -0.7711 1.7252 3.1228 1
0.59395 -1.3145 1.4527 3.0797 1
0.13957 -0.15366 1.0857 3.4814 1
1.0029 -1.5418 2.3075 2.3708 1
0.62273 -1.0377 1.0898 3.3254 1
0.75351 -0.59926 1.084 3.4334 1
0.75273 -0.84833 2.4194 2.5979 1
0.89533 -0.2169 2.5036 2.6472 1
0.51775 -1.2473 2.1308 2.6882 1
0.26176 -0.74972 1.9136 3.0164 1
0.38323 -0.90188 1.5781 3.1652 1
0.6511 -0.8857 1.9564 2.9514 1
0.90147 -0.26379 2.2562 2.857 1
0.1469 -0.021401 0.11551 3.6481 1
0.15906 -0.69545 2.5307 2.5367 1
0.48744 -0.074068 1.8651 3.1366 1
0.72678 -0.26341 0.52093 3.603 1
0.24394 -0.27323 1.793 3.1675 1
0.72863 -1.7516 2.2162 2.3115 1
0.70615 -1.1381 2.2045 2.6772 1
0.40124 -0.10045 1.9756 3.0674 1
0.7087 -0.5517 1.2228 3.3945 1
0.90221 -0.61615 1.8501 3.0855 1
0.15526 -0.10431 0.37943 3.6287 1
0.28709 -1.5381 2.1899 2.4821 1
0.25739 -0.33771 1.9884 3.0421 1
0.3023 -1.2278 1.8078 2.9235 1
0.53596 -1.389 1.8098 2.8492 1
0.98206 -1.2118 2.2468 2.6088 1
0.32525 -0.075612 1.3401 3.3943 1
0.85294 -0.94261 1.9821 2.9164 1
0.17183 -1.0492 1.3036 3.2438 1
0.6925 -0.5489 2.3437 2.7438 1
0.78336 -0.74323 2.1615 2.8457 1
0.86819 -0.32657 1.9363 3.0768 1
0.36512 -0.97387 1.2287 3.2961 1
0.65397 -0.8657 1.9505 2.9612 1
0.22994 -0.38564 1.4615 3.3223 1
0.4089 -0.40427 2.4793 2.6481 1
0.46476 -0.13913 1.6599 3.2478 1
0.85625 -0.0096515 2.4363 2.7179 1
0.80433 -0.072782 2.481 2.6762 1
0.94298 -0.3072 2.2099 2.8887 1
0.63031 -1.6763 2.1131 2.4591 1
0.71713 -1.2506 1.5082 3.0796 1
0.79852 -0.8192 1.9983 2.9425 1
0.56389 -0.53576 1.9839 3.0166 1
0.42933 -0.25495 2.4375 2.7048 1
0.47727 -0.11856 2.3157 2.8189 1
0.9931 -0.45558 2.3944 2.717 1
0.16263 -0.53782 2.4319 2.6681 1
0.80629 -0.44817 1.6044 3.2477 1
0.64496 -1.1648 1.348 3.1857 1
0.99146 -1.9402 2.1165 2.2536 1
0.91993 -1.7711 2.074 2.4257 1
0.53065 -0.56608 2.0552 2.9628 1
0.40166 -0.4058 2.3753 2.7415 1
0.39572 -0.16536 2.2718 2.852 1
0.69655 -1.925 1.95 2.4113 1
0.70849 -1.2825 1.7301 2.9469 1
0.62893 -1.257 2.3538 2.4904 1
0.84473 -1.4494 2.0438 2.6542 1
0.87539 -1.6035 1.8612 2.6995 1
0.4301 -0.50373 2.1968 2.8711 1
0.92478 -1.9488 2.1478 2.2162 1
1.0526 -1.6618 2.2966 2.2992 1
0.46961 -0.21366 2.2157 2.8927 1
0.78977 -0.69617 2.4493 2.6151 1
0.61763 -1.1367 1.308 3.2124 1
0.89398 -1.1524 1.5699 3.0871 1
0.32166 -0.79913 2.3511 2.6751 1
0.32015 -0.17014 1.8644 3.1333 1
0.75101 -1.8245 1.9183 2.5127 1
0.17426 -0.27998 2.2732 2.8419 1
0.6369 -1.1291 1.3217 3.2095 1
0.47423 -0.88266 1.3404 3.2782 1
0.67254 -1.1722 1.883 2.8987 1
0.54041 -0.58997 2.5005 2.5926 1
0.60227 -0.8555 1.464 3.2322 1
0.24721 -1.4917 2.2239 2.4802 1
0.79116 -1.1802 2.0649 2.7687 1
