0
2
4
6
30
2
16
2
4
2
2
2
10
2
30
18
2
56
8
8
2
2
8
34
12
4
2
8
2
8
14
18
94
4
12
4
10
10
20
18
8
2
4
12
18
22
6
12
10
20
4
14
2
20
36
8
122
4
4
8
8
6
4
10
4
166
2
154
42
22
4
2
18
2
10
4
4
64
6
2
6
4
230
20
34
4
8
84
8
4
2
2
2
2
16
10
6
4
32
8
2
2
28
66
2
4
2
4
6
10
38
88
6
2
4
6
2
2
2
2
4
6
2
2
2
14
16
6
2
4
4
18
8
40
2
14
132
28
74
8
24
2
4
106
44
2
12
2
32
4
2
6
2
106
118
2
10
2
4
2
40
6
2
108
6
140
12
62
56
6
2
10
6
2
12
8
12
2
4
24
14
6
14
20
12
68
8
6
12
4
24
14
42
14
14
4
44
4
32
4
2
2
6
8
2
2
22
8
68
44
2
58
6
2
30
18
4
98
12
2
14
2
2
8
506
2
2
4
8
70
2
10
94
2
48
2
12
46
10
8
58
10
28
2
2
36
8
66
2
2
4
2
4
34
8
186
102
4
2
6
4
34
4
98
342
6
2
30
2
18
6
6
10
4
2
2
2
10
18
22
6
10
16
16
6
14
6
12
2
2
4
38
22
2
2
2
14
220
70
60
6
6
16
14
2
4
4
2
2
260
30
12
6
58
8
12
2
54
2
12
6
2
32
2
34
34
22
8
12
18
26
2
2
36
8
6
2
62
20
8
10
24
44
162
174
6
28
16
2
20
16
6
2
44
98
12
18
2
4
106
2
6
28
4
12
2
2
16
158
4
6
30
12
8
2
28
32
4
6
16
2
4
2
110
20
18
58
38
2
2
14
22
6
56
4
2
2
206
42
12
2
14
42
140
2
2
78
182
4
2
2
44
12
6
2
26
28
8
22
10
2
2
46
16
20
12
6
2
8
4
122
6
32
18
2
2
18
4
100
10
18
128
14
14
18
2
68
12
52
2
2
24
36
40
48
8
380
32
66
2
2
2
4
18
106
122
172
4
2
4
12
10
46
46
14
16
92
4
2
54
6
90
8
2
158
10
2
2
86
4
2
2
4
8
8
48
42
16
92
66
4
2
4
2
2
6
2
6
2
4
4
2
16
18
36
20
68
10
2
2
2
6
2
4
4
4
16
6
28
14
6
2
6
6
2
86
4
28
20
110
4
60
12
2
2
2
126
8
2
4
16
2
8
2
4
6
2
36
18
20
2
24
24
2
2
74
8
26
244
42
74
2
14
28
56
6
104
192
6
2
6
28
4
8
4
54
2
6
42
2
12
4
6
6
2
32
2
2
10
8
6
2
6
248
12
6
6
8
6
10
4
2
2
4
8
2
2
118
12
28
6
30
4
2
2
28
2
4
4
10
10
2
10
182
4
20
2
16
2
10
44
4
200
2
26
16
44
4
4
122
2
12
4
14
2
2
358
2
2
2
4
6
102
86
2
34
2
2
4
32
2
92
4
14
2
22
10
6
2
6
18
8
18
16
2
2
8
2
6
4
2
12
10
6
68
2
2
2
10
2
24
14
2
6
2
2
8
8
14
6
10
12
14
4
4
2
8
2
6
6
6
6
16
2
54
128
8
8
14
74
26
2
18
2
2
28
10
60
8
54
2
10
38
2
38
2
32
24
6
2
12
26
4
164
4
18
6
36
34
6
2
134
68
4
56
2
6
2
8
6
294
4
2
10
6
2
16
8
16
4
2
6
18
2
2
2
8
18
6
8
2
8
2
8
14
4
38
236
20
2
10
4
10
34
58
2
2
4
4
14
2
2
4
212
2
144
10
10
2
4
2
4
8
72
2
4
34
8
2
6
8
4
194
2
94
74
4
2
4
268
16
2
22
10
10
52
4
8
8
10
12
4
22
4
12
10
164
28
6
6
2
2
8
10
2
158
4
4
12
38
40
2
6
2
24
14
34
8
398
6
14
2
16
66
2
2
8
2
8
16
26
6
18
2
2
112
8
30
330
2
2
2
4
14
2
4
36
6
2
2
6
6
18
2
4
2
94
18
104
18
8
2
2
8
2
2
14
4
102
2
2
44
2
14
8
6
4
2
4
2
2
4
2
2
4
8
4
6
4
10
74
8
28
8
2
4
2
28
4
4
18
4
2
18
2
2
2
4
6
4
86
104
16
2
6
10
4
4
34
30
16
44
4
26
4
8
2
4
22
2
184
4
2
38
4
46
2
2
18
4
6
6
2
12
12
2
8
10
4
4
20
58
446
96
2
2
32
20
2
4
2
2
16
2
2
122
2
6
10
2
4
2
30
2
24
62
14
2
10
12
8
26
30
12
4
14
38
8
16
36
2
14
10
4
2
2
52
4
2
4
4
2
2
98
2
2
10
2
4
4
4
4
8
6
6
2
4
2
8
38
8
4
196
548
4
2
6
4
4
4
4
2
2
2
4
2
24
2
240
2
2
8
4
8
2
6
6
8
8
2
382
2
2
6
4
260
26
2
4
4
8
6
2
248
2
2
8
2
30
2
14
2
118
2
12
6
4
4
18
4
2
80
8
2
2
2
4
2
2
2
26
2
2
2
2
14
2
2
2
2
40
4
6
2
2
4
2
6
2
104
2
6
2
238
14
22
2
4
2
2
2
4
2
14
2
2
2
14
446
10
2
2
2
2
30
4
4
2
10
6
6
2
2
10
2
102
24
2
4
2
6
164
26
2
8
6
232
2
10
8
28
2
6
6
4
2
4
2
2
118
2
4
2
32
2
14
8
6
2
2
2
434
2
2
2
4
2
6
8
2
4
2
34
2
12
2
2
2
50
10
2
6
6
120
4
2
18
4
176
100
4
4
6
24
2
14
2
4
14
6
4
90
2
4
6
2
24
12
56
4
2
8
2
2
10
4
246
2
2
2
2
680
4
50
2
32
4
2
14
278
2
4
32
6
102
18
4
2
2
4
8
118
