0
4
1
8
13
2
8
3
5
2
3
7
16
6
13
8
2
20
5
7
11
1
5
18
11
1
1
7
8
6
6
10
23
4
6
4
18
10
5
12
5
5
7
12
13
18
8
9
5
1
7
8
11
7
13
12
33
6
3
13
5
6
8
9
7
25
8
40
18
7
9
5
10
4
6
6
1
31
7
9
8
9
25
13
12
7
2
23
21
8
5
2
1
5
8
13
6
9
16
10
2
4
18
25
7
7
5
5
8
6
15
24
7
5
6
13
10
4
3
7
13
8
3
1
1
6
16
5
9
12
11
17
13
15
1
17
31
29
26
17
12
3
8
21
21
9
17
10
16
8
3
3
4
30
29
5
7
1
7
6
12
4
6
29
1
27
5
17
22
8
4
9
11
8
13
12
9
4
2
14
6
6
11
24
8
32
7
1
11
11
12
18
16
13
13
6
25
3
19
3
7
3
4
6
10
9
16
11
35
16
4
17
7
2
13
6
3
30
4
4
11
9
3
7
81
8
5
2
8
31
2
7
27
7
25
7
18
11
2
10
26
14
12
5
3
17
3
23
3
7
5
9
2
11
6
37
22
4
2
7
10
13
2
31
52
10
9
1
1
12
4
8
13
6
10
5
6
18
14
6
6
9
11
1
8
14
8
3
5
2
7
13
16
6
7
4
13
69
15
17
5
10
11
6
6
12
2
1
8
49
13
13
11
15
2
12
5
21
5
12
3
9
11
6
11
15
11
2
10
5
11
3
7
19
5
7
3
19
14
6
19
15
31
35
23
6
16
5
8
7
22
3
3
20
21
5
17
2
7
22
5
5
13
5
5
6
3
21
33
1
5
12
9
21
1
11
21
5
10
11
12
7
4
17
19
18
14
14
7
5
5
3
7
23
3
1
5
49
8
9
5
9
24
35
1
5
20
36
4
7
2
17
4
10
2
9
15
6
16
12
3
3
12
11
10
7
2
11
11
1
28
10
19
8
9
2
16
5
28
13
9
58
15
12
13
2
26
10
11
4
6
15
14
20
23
5
39
15
25
3
9
7
6
4
25
25
33
5
9
10
8
8
13
23
2
2
30
5
5
23
3
25
8
2
39
8
3
5
29
6
2
2
14
2
3
22
16
11
35
18
2
9
8
4
7
3
7
5
6
8
6
11
7
14
18
10
21
12
1
8
5
2
3
10
4
13
11
8
17
8
8
2
9
5
1
30
9
16
16
36
8
10
8
1
5
12
28
16
7
4
6
2
10
1
8
9
7
14
6
17
6
12
20
5
4
18
15
16
60
20
36
1
9
16
13
8
32
29
3
5
8
15
4
7
7
23
2
7
16
4
11
6
7
3
4
10
4
7
7
6
9
8
7
35
2
8
2
6
9
10
15
9
8
11
9
6
2
22
14
4
5
13
6
2
2
26
10
8
10
1
16
1
4
43
2
4
11
13
1
16
14
1
36
8
21
5
23
8
9
34
4
10
9
7
10
6
78
1
7
4
10
5
21
18
1
10
7
3
7
15
1
53
8
8
5
19
10
1
7
1
10
8
8
11
1
3
13
8
5
6
4
14
7
6
26
7
1
5
12
5
20
11
7
5
1
11
3
8
10
3
8
6
1
3
8
4
5
6
8
5
14
10
16
4
12
35
6
7
1
21
15
4
12
7
3
11
12
20
6
14
1
8
23
6
26
2
16
20
9
3
13
13
4
46
5
10
10
14
8
3
12
49
16
7
8
4
4
13
5
10
58
7
5
3
7
5
16
8
4
5
5
2
9
2
3
6
14
12
7
7
5
14
1
9
6
4
24
71
6
4
6
2
8
21
33
2
11
3
7
10
10
3
3
47
2
46
10
14
8
12
6
5
7
16
7
10
26
7
11
4
13
13
48
2
36
19
2
12
8
50
8
2
9
10
8
21
10
15
8
7
10
1
16
7
13
12
48
18
7
4
1
12
12
9
9
40
3
8
15
17
21
6
13
3
13
15
26
9
49
11
17
5
13
32
1
4
10
4
11
9
9
9
14
2
7
39
15
12
59
5
8
3
13
10
6
5
24
2
1
5
17
3
5
2
8
11
27
10
32
12
6
3
6
9
5
5
14
5
18
1
3
30
9
9
10
16
10
3
3
7
6
4
3
4
2
8
3
4
5
13
17
4
13
10
4
3
3
11
8
6
10
11
2
8
6
8
1
5
4
4
16
25
5
6
2
3
3
5
18
14
12
18
5
5
2
1
2
11
12
1
30
5
6
24
8
12
8
1
15
5
4
1
3
10
8
1
5
7
6
1
15
14
73
21
1
1
9
17
8
4
1
1
11
6
3
25
3
7
3
6
10
10
22
7
2
24
4
8
3
7
1
12
31
10
2
9
20
11
12
13
6
11
7
4
2
5
24
2
6
5
3
3
1
26
6
4
3
5
4
3
10
5
12
8
4
6
8
4
8
18
7
3
54
47
4
6
5
11
3
4
4
1
4
7
9
7
17
1
54
1
4
11
4
7
4
10
4
3
8
7
84
2
1
1
5
41
7
3
3
7
8
3
8
52
6
5
7
1
13
3
11
4
39
4
9
6
9
5
8
4
1
18
1
3
2
8
6
2
8
2
13
3
3
6
1
2
5
1
2
5
19
2
1
8
7
5
1
6
2
35
2
3
1
50
12
12
1
7
10
4
4
11
6
7
8
6
5
11
59
7
6
4
8
3
14
3
4
5
7
8
1
2
4
15
7
36
9
1
7
4
5
38
9
3
4
8
54
7
11
7
12
2
4
5
7
2
7
1
5
19
2
6
6
11
6
11
11
7
5
6
3
66
2
6
6
5
4
4
5
1
6
2
23
3
7
1
4
3
14
10
1
11
5
35
5
4
14
8
42
38
7
1
7
23
2
12
2
6
16
10
1
27
8
12
3
5
14
9
30
1
2
13
1
5
7
10
57
9
7
1
5
74
5
27
12
13
3
3
11
82
3
6
18
4
32
13
10
6
6
1
11
42
