0
65.7053
206.077
254.063
3574.58
31.212
3031.12
21.0446
128.518
136.851
736.466
50.0152
2403.1
24.0003
3590.95
4200.58
84.1767
16463.8
171.464
289.49
478.442
33.0942
606.219
5002.85
1645.8
166.798
48.7313
773.859
107.575
1083.16
1205.18
1685.28
16274.8
689.063
1625.22
953.193
2641.78
422.509
1105.84
3235.22
349.619
33.472
137.6
5925.87
4281.17
6578.4
1655.49
2037.14
181.099
1213.27
457.178
1614.75
580.664
1949.01
3867.58
2293.01
27420.3
312.313
384.629
1775.84
2342.23
505.924
2194.9
1667.25
169.449
41305.1
526.704
40155.2
8539.11
5015.97
465.003
82.5759
3001.89
231.872
1386.06
798.948
312.873
15163.2
1264.92
641.189
1055.9
792.075
66624.1
6946.75
4232.22
526.51
346.803
31028.4
3237.51
625.309
66.5165
22.945
40.3621
102.262
2316.01
2516.06
814.343
632.436
5139.58
3057.13
106.497
104.221
4350.49
9042.92
438.525
252.71
96.0483
252.168
2082.21
1350.05
3814.17
15715.4
390.15
113.169
155.875
1429.43
253.746
98.9482
116.147
966.316
2266.09
1446.77
24.7762
20.9526
20.1917
1493.62
1782.28
183.843
115.367
735.024
341.056
7010.48
3077.78
5408.79
55.411
1725.09
37255
10943.3
14308.4
3162.92
1202.09
21.0601
234.986
20289
10389.1
74.5247
1852
166.637
5826.66
226.923
48.5897
731.87
269.559
40952.5
18593.6
208.839
1282.16
108.818
841.014
317.613
5016.95
147.317
34.7697
29633.6
546.65
27944.7
1294.3
9246.92
10554.5
756.091
31.847
2490.82
455.462
143.002
2976.32
2505.73
1679.96
63.785
469.213
5942.29
1327.9
1068.39
3527.12
5329.49
1220.15
14820.4
1798.67
1650.04
1237.75
961.854
4763.33
5160.53
10772.8
2152.63
6548.99
760.962
8876.62
296.731
7196.23
416.498
468.173
304.643
153.387
142.896
786.641
383.766
5553.51
1580.51
22023.4
9199.12
74.7752
8134.17
299.21
70.7942
5050.52
1753.33
24.863
26805.1
1027.36
783.437
3212.95
583.825
225.902
409.31
138795
176.21
30.3013
2370.57
2270.18
25862.4
70.9344
2141.14
25428.3
319.268
11957.1
327.843
7441.33
3433.85
311.407
2331.66
13293.4
1974.55
5468.77
27.7385
46.2961
17031.2
492.877
16764.2
35.5702
28.9342
483.692
38.0187
952.352
9632.62
1200.26
65078.2
18932.8
904.801
65.6228
663.832
265.058
9439.54
30.8081
18495.2
69110
553.238
86.447
5376.88
284.361
4188.78
126.985
2094.6
1060.38
470.612
120.149
28.9972
123.406
10973.3
2533.69
1461.42
414.008
213.131
1547.78
4711.38
2091.39
7419.94
1539.8
2836.32
16.5742
55.4892
209.911
11267.3
3555.02
503.068
42.7844
14.9432
3953.1
112926
9395.35
21166.8
199.564
960.893
2844.76
1207.81
118.878
2376.52
168.788
51.3268
268.077
43906.2
3768.17
1389.42
946.488
11403.9
239.688
1054.02
181.05
15216.7
57.5294
3259.67
589.844
674.824
3779.73
38.2774
5074.04
3589.6
2826.31
1164.86
1179.64
1165.1
1776.65
27.1491
244.333
4591.36
2248.97
797.989
113.523
8467.18
5216.64
1727.04
6894.27
3552.44
22333.6
34127
36856.2
1080.22
4221.54
3135.58
610.898
1045.12
6827.23
360.694
889.069
8221.62
22360.8
1195.72
1027.94
88.541
808.849
23791.3
14.4487
215.094
3759.35
272.834
3296.54
118.597
161.273
5413.12
41347
334.757
2330.19
4692.47
1304.64
3266.04
702.909
4065.63
10879
847.658
720.197
2331.34
506.693
261.483
780.843
20174.6
6878.03
4618.45
13914.9
7459.31
20.1407
449.582
1055.77
2104.44
260.935
8337.09
274.541
29.8989
544.03
71177.5
8201.97
2699.28
150.158
3316.67
13136.9
29197.9
404.372
82.7591
19543.3
47392.3
269.826
50.9289
46.539
8520.41
2989.44
970.409
89.3132
4799.14
5145.04
1449.19
4970.04
3598.52
267.72
88.5945
13520.9
1909.4
1031.37
1902.02
614.03
160.25
1160.59
252.777
30224.5
1465.54
3634.11
1347.48
25.8282
75.7167
4358.57
237.025
16370.6
1419.8
1155.72
65214.7
1440.81
2476.34
2458.26
871.21
13066.4
1610.45
14558.3
96.0359
104.457
4600.78
4806.45
11396.5
10568.2
1309.95
77045.5
6010.15
17213.3
113.757
154.567
551.563
313.743
1022.92
25908.9
16463.6
31151
133.796
117.987
995.652
1957.6
638.455
6470.69
12484.2
1793.36
1170.21
16675.5
784.029
23.8047
16458.6
392.607
15820.1
1331.29
46.704
68233.6
1055.67
80.7284
51.3529
22851.5
909.044
102.827
15.7753
3278.14
1381.58
3357.03
10032.4
11971.5
3074.54
26284
24444.8
585.627
223.908
293.395
99.5752
33.1045
434.344
484.503
1049
197.091
678.486
610.398
891.997
2261.41
2310.66
7697.64
1011.07
10515.1
2555.25
82.0015
77.1489
51.8807
134.232
27.4752
861.945
652.449
267.826
3255.96
282.296
3917.55
2064.48
645.984
63.9455
634.148
181.911
764.505
25745.9
798.815
5920.79
6778.07
19093
3334.4
10495.8
2056.37
66.1554
22.7387
967.352
38020.7
6210.53
723.209
178.606
2169.18
119.251
2478.69
67.7728
680.579
1731.85
251.879
6995.66
1024.99
4888.41
78.1838
3811.08
3870.67
223.445
38.9835
9865.96
735.56
6965.33
46241.3
7764.5
18475.9
30.5529
1058.55
6124.55
11276.2
268.67
16800.2
31457.9
173.56
60.2216
1285.95
5019.21
190.764
5395.93
417.08
11011.2
45.6222
465.056
9024.23
59.0415
1782.62
194.937
433.012
125.394
468.881
4100.42
126.267
63.6618
2577.19
188.375
2604
78.2847
720.144
51373.7
1465.27
161.173
1733.17
744.21
327.621
1397.87
2905.86
119.126
211.249
170.987
1067.29
32.8083
119.637
27436.3
1758.76
2099.66
455.852
4635.04
58.262
26.5815
121.286
5400.96
115.446
922.074
850.153
1140.97
5856.56
321.281
1053.95
35685.7
234.097
1239.88
492.672
5534.92
20.2506
2527.84
9066.18
618.435
47626.8
837.458
4113.98
1519.68
10765.8
456.67
583.703
52267.6
90.5528
2736.07
540.739
7335
557.563
37.0076
144490
99.9491
83.3997
992.503
661.217
293.752
32051.6
18970.6
323.781
6208.25
146.981
471.524
235.94
6224.31
57.0499
57684.6
151.49
2260
117.073
6431.02
1483.72
559.032
107.454
237.302
1889
1224.69
2725.27
4666.65
106.942
132.106
967.623
169.499
701.941
507.447
190.782
1347.35
334.994
257.026
11457.2
870.959
27.4586
477.368
2455.28
67.788
6994.58
1373.63
307.838
127.076
73.0656
685.721
1099.14
503.497
1154.03
270.572
1431.72
2171.73
1137.06
144.171
176.419
36.4392
292.526
253.126
247.672
206.852
2911.21
223.123
3187.65
388.736
10536.5
39848.2
152.68
1763.13
962.581
15604.1
4604.26
87.8891
1517.56
381.036
179.608
6913.67
2972.15
14598.8
407.606
8201.63
37.9193
1059.4
7547.1
44.3412
8755.67
28.5263
5214.59
6779.04
331.861
58.3427
3331.08
4771.68
156.983
54037.8
916.191
6297.79
257.657
12727.7
4850.01
1886.96
862.695
57187.8
8173.29
226.301
9548.15
17.0432
229.815
771.804
257.893
2412.67
72800.7
235.835
171.121
1515.2
487.688
126.405
1120.83
932.954
1226.47
33.4835
150.287
920.208
3242.85
60.5643
31.3335
881.598
1542.92
1757.6
2221.5
1760.85
42.9923
1991.5
54.5194
1354.14
1361.38
304.906
13183.6
76715.4
1185.24
52.1892
473.79
243.66
2610.53
6791.55
20895.4
407.471
302.242
185.609
153.176
1540.44
894.257
90.2475
142.567
89251.6
63.3923
30212.6
1892.61
2685.73
2685.85
1462.5
116.354
449.271
1263.62
8026.97
81.2963
956.766
6334.48
398.669
860.686
359.168
1075.33
471.912
52224.6
24.6329
23629.3
8457.6
67.5108
127.558
180.243
66590.7
1087.72
322.656
5359.5
1488.35
172.647
15001
377.604
3310.23
583.033
2454.21
2568.41
123.319
3720.5
591.51
3008.89
1652.72
45961
4651.14
636.048
633.527
14.1863
334.491
593.053
2730.35
146.011
36810.3
546.859
450.005
2253.39
12077.2
5652.33
64.3169
735.881
31.7694
4119.31
3829.74
14447.7
1171.05
75858
1196.3
3109.67
84.4072
2245.63
49983.7
118.042
87.2835
1649.91
45.2925
506.119
4445.22
1088.51
3014.72
6315.68
117.427
891.846
25651.2
2256.41
7499.63
75670.2
60.717
196.522
117.517
523.266
2179.22
25.2283
617.069
12435.4
1092.16
14.5163
347.483
792.482
383.387
1189.78
60.5177
1630.4
434.445
21775.7
2180.17
20624.5
1326.74
371.846
134.41
535.317
408.256
581.758
44.4727
7351.43
134.642
22771.9
219.726
103.254
12364.1
599.252
1774.62
1775.34
3312.72
799.532
161.865
26.0762
31.9011
96.2954
132.966
97.5085
521.727
117.629
1197.06
242.97
172.467
563.482
3128.02
9358.36
1495.22
3255.72
3116.47
51.0074
162.705
394.43
3393.39
177.838
260.149
1662.59
865.459
386.027
2403.17
81.8421
63.0756
147.725
467.53
741.022
548.907
31459.7
17087.1
1403.01
251.957
82.6324
162.583
161.859
645.684
6294.31
12396
3280.99
16490.1
693.037
6289.92
549.403
1692.67
19.4405
398.272
1164.61
90.0792
31206.2
570.823
31.0577
15017.9
1357.66
10732.7
60.0145
242.498
1170.34
624.254
193.734
188.944
382.877
2071.79
1068.07
70.6439
167.533
145.852
416.267
225.565
2298.94
10714
129771
18433.1
36.267
76.8054
4769.16
2295.3
295.999
224.338
27.6198
753.539
2669.76
39.4684
208.065
25959.2
52.0451
364.864
726.36
163.598
916.347
212.271
5886.2
523.464
6092.44
25729.7
2019.09
413.221
1596.22
3364.64
138.141
3899.14
12474
342.495
267.09
1204.79
6764.47
2341.79
1500.4
7999.18
73.5018
1171.43
2907.34
38.5324
134.269
407.418
8764.62
18.0396
38.973
361.546
595.205
19.5577
16.47
12510
511.306
28.9892
461.845
534.403
714.56
393.721
557.989
593.202
840.108
426.028
736.029
18.0144
170.676
155.747
316.336
4633.53
675.193
53.294
79818.8
134724
53.3058
108.864
395.049
494.91
354.814
135.555
345.821
28.3221
255.76
14.5115
729.636
29.1037
5588.94
542.052
62156.8
83.4278
480.48
305.656
384.637
721.769
23.4961
755.39
418.936
204.41
387.961
63.3842
178405
31.3128
35.8411
754.809
282.244
89934.4
5121.37
36.6628
98.4264
511.665
902.004
349.084
18.7586
64040.9
111.396
25.6504
827.521
94.7176
5792.47
48.9592
3527.14
55.3105
34732.9
118.887
1939.07
230.746
487.365
36.1939
1560.25
349.165
49.9356
10973.6
285.499
42.7568
37.5229
170.419
665.525
59.4292
30.1847
26.8563
4137.17
49.3011
637.111
51.5032
55.5687
215.702
190.015
35.6678
81.0723
50.22
5118.03
31.3223
496.243
306.583
19.3731
324.462
28.3146
156.836
24.13
42758.8
53.3821
295.303
72.6075
85981.1
706.954
4896.59
38.7303
645.294
691.624
84.7252
58.5741
234.626
27.4057
866.07
42.7275
34.0349
280.667
1125.78
129723
1835.81
33.1936
15.3017
37.0098
33.3731
4117.71
203.365
522.712
42.2585
2111.06
902.5
230.924
383.455
22.8115
1262.5
97.4846
32863.6
4294.62
61.8719
344.669
285.576
681.563
38328.9
4590.9
267.772
1800.18
497.932
97616.5
112.691
2366.29
919.329
5010.76
39.3588
128.912
411.564
256.226
37.4244
280.716
55.3989
31.8051
20327.4
312.485
53.4705
436.043
5132.37
34.042
1805.32
1057.21
808.383
100.354
23.5861
23.1571
107569
60.2537
423.169
263.101
220.313
40.234
126.615
238.121
25.1585
702.143
18.3003
14279
48.3569
3229.97
16.2217
35.5966
102.873
10561.2
1846.13
24.0819
806.779
558.094
38738.8
265.726
19.3413
3812.22
634.817
37813.8
25069.8
155.119
43.9275
326.832
6747.67
46.0295
1713.12
100.905
770.065
2623.33
2341.33
150.569
22577.9
59.9729
616.939
789.633
205.942
4970.14
2295.17
14086.2
173.619
40.867
2931.23
26.4025
124.611
4881.56
460.42
88950.8
622.166
16.1585
71.4492
83.0328
139780
27.6437
11804.8
657.214
3953.52
182.669
27.3292
2685.42
113801
70.1623
715.09
6186.68
1601.99
17764.8
1098.67
721.767
207.519
168.172
404.495
2004.67
60050
